		-9	-9	-9	-9	-9	-9	-9	-9	-9	-9	-9	-9	-9	-9	-9	-9
T-481	Madres	134	148	250	216	251	356	93	101	99	196	142	161	228	249	119	304
T-481	Madres	146	159	254	218	268	360	93	101	107	202	-9	-9	-9	255	136	-9
T-481	Madres	-9	-9	-9	-9	-9	-9	-9	-9	-9	-9	-9	-9	-9	-9	-9	-9
T-481	Madres	-9	-9	-9	-9	-9	-9	-9	-9	-9	-9	-9	-9	-9	-9	-9	-9
T-482	Madres	132	141	246	218	251	356	93	101	97	184	142	159	224	239	110	302
T-482	Madres	-9	155	248	-9	266	-9	105	103	99	200	-9	163	228	247	119	304
T-482	Madres	-9	157	250	-9	270	-9	-9	105	103	-9	-9	167	230	-9	122	306
T-482	Madres	-9	-9	-9	-9	272	-9	-9	-9	-9	-9	-9	169	-9	-9	-9	-9
T-483	Madres	132	141	244	218	262	356	93	101	97	181	142	159	224	239	119	302
T-483	Madres	-9	146	246	-9	266	358	99	103	99	186	-9	163	226	249	122	306
T-483	Madres	-9	157	248	-9	268	-9	103	105	103	190	-9	-9	230	251	148	308
T-483	Madres	-9	-9	-9	-9	-9	-9	-9	-9	-9	200	-9	-9	-9	265	-9	318
T-484	Madres	132	146	244	216	262	356	93	101	97	179	140	159	224	239	113	304
T-484	Madres	-9	151	248	218	266	358	99	-9	105	184	142	163	226	243	122	306
T-484	Madres	-9	155	250	-9	268	-9	-9	-9	-9	186	-9	175	228	251	125	308
T-484	Madres	-9	-9	256	-9	272	-9	-9	-9	-9	194	-9	-9	230	-9	148	-9
T-485	Madres	132	141	246	218	255	356	93	101	99	179	142	161	224	239	113	302
T-485	Madres	-9	146	-9	222	270	358	-9	103	-9	181	-9	177	226	243	119	308
T-485	Madres	-9	-9	-9	-9	272	-9	-9	-9	-9	192	-9	-9	232	245	122	-9
T-485	Madres	-9	-9	-9	-9	286	-9	-9	-9	-9	-9	-9	-9	238	249	-9	-9
T-486	Madres	132	141	244	216	255	356	99	101	99	179	142	159	218	239	119	302
T-486	Madres	134	155	246	218	264	358	101	-9	101	192	-9	161	226	243	122	304
T-486	Madres	-9	-9	262	-9	268	-9	113	-9	109	198	-9	-9	232	251	125	308
T-486	Madres	-9	-9	-9	-9	272	-9	-9	-9	-9	-9	-9	-9	-9	-9	133	-9
T-487	Madres	128	141	244	218	262	356	99	101	97	183	142	159	218	239	108	302
T-487	Madres	132	148	246	-9	266	358	105	-9	101	186	-9	161	222	247	119	306
T-487	Madres	166	155	250	-9	272	-9	-9	-9	111	198	-9	165	226	249	-9	-9
T-487	Madres	-9	-9	-9	-9	-9	-9	-9	-9	113	202	-9	-9	230	-9	-9	-9
T-488	Madres	132	141	246	216	268	356	93	101	97	186	142	159	224	239	113	302
T-488	Madres	-9	148	248	218	272	358	99	-9	99	192	-9	163	230	251	119	306
T-488	Madres	-9	155	-9	-9	282	-9	109	-9	109	194	-9	167	232	-9	122	308
T-488	Madres	-9	-9	-9	-9	-9	-9	-9	-9	-9	-9	-9	-9	238	-9	-9	-9
T-489	Madres	134	151	250	216	251	358	93	101	99	181	142	161	224	249	108	304
T-489	Madres	135	159	250	218	268	358	103	101	101	184	-9	-9	228	255	110	306
T-489	Madres	-9	-9	-9	-9	-9	-9	-9	-9	-9	-9	-9	-9	-9	-9	-9	-9
T-489	Madres	-9	-9	-9	-9	-9	-9	-9	-9	-9	-9	-9	-9	-9	-9	-9	-9
T-490	Madres	126	148	246	218	255	356	99	101	97	183	142	159	226	239	113	302
T-490	Madres	132	155	-9	-9	262	-9	101	-9	99	186	-9	165	238	243	119	306
T-490	Madres	-9	171	-9	-9	268	-9	111	-9	-9	192	-9	167	-9	251	122	308
T-490	Madres	-9	-9	-9	-9	-9	-9	113	-9	-9	194	-9	-9	-9	-9	-9	318
T-491	Madres	126	141	246	216	262	356	93	101	97	188	142	161	224	239	119	304
T-491	Madres	128	144	248	218	270	358	-9	-9	107	192	-9	163	226	243	122	306
T-491	Madres	132	155	250	220	272	-9	-9	-9	109	194	-9	169	228	265	125	308
T-491	Madres	166	-9	258	-9	-9	-9	-9	-9	113	-9	-9	-9	-9	-9	-9	-9
T-492	Madres	132	141	242	216	264	356	93	101	97	186	142	155	224	243	119	302
T-492	Madres	166	146	248	218	268	358	101	-9	99	196	146	159	228	245	125	318
T-492	Madres	-9	155	-9	-9	272	-9	-9	-9	-9	-9	-9	173	-9	247	148	-9
T-492	Madres	-9	-9	-9	-9	-9	-9	-9	-9	-9	-9	-9	175	-9	251	-9	-9
T_628	Madres	132	141	246	218	262	356	91	101	97	179	142	155	226	239	119	306
T_628	Madres	142	155	248	-9	268	-9	93	-9	105	192	-9	159	230	243	122	316
T_628	Madres	166	-9	-9	-9	272	-9	103	-9	-9	194	-9	163	232	249	125	318
T_628	Madres	-9	-9	-9	-9	280	-9	-9	-9	-9	-9	-9	-9	-9	-9	-9	-9
T_629	Madres	126	141	244	216	262	356	93	99	97	177	142	159	218	239	110	302
T_629	Madres	128	146	248	218	272	358	103	101	99	184	-9	161	226	243	119	304
T_629	Madres	132	155	-9	-9	-9	-9	113	103	107	192	-9	173	230	247	122	308
T_629	Madres	-9	-9	-9	-9	-9	-9	-9	-9	109	200	-9	-9	232	-9	136	-9
T_630	Madres	126	141	244	216	262	356	93	101	97	179	142	161	218	239	125	302
T_630	Madres	128	144	248	218	270	358	99	-9	99	181	-9	163	224	243	-9	304
T_630	Madres	132	-9	-9	220	272	-9	-9	-9	101	192	-9	165	228	-9	-9	308
T_630	Madres	-9	-9	-9	-9	-9	-9	-9	-9	-9	196	-9	175	230	-9	-9	-9
T_631	Madres	126	141	244	218	262	356	93	101	97	192	142	161	218	239	119	302
T_631	Madres	132	146	246	220	266	358	101	-9	101	-9	-9	163	222	243	122	306
T_631	Madres	146	155	250	-9	272	-9	103	-9	103	-9	-9	175	226	247	133	-9
T_631	Madres	-9	-9	256	-9	-9	-9	-9	-9	-9	-9	-9	-9	232	-9	-9	-9
T_632	Madres	126	141	244	218	255	356	109	101	97	183	142	163	210	239	119	302
T_632	Madres	132	148	246	-9	262	-9	111	116	107	186	-9	175	218	243	122	306
T_632	Madres	135	157	248	-9	268	-9	113	-9	-9	196	-9	-9	224	251	150	308
T_632	Madres	166	-9	250	-9	272	-9	-9	-9	-9	-9	-9	-9	226	-9	-9	318
T_633	Madres	128	141	244	218	262	356	93	101	97	181	142	159	224	239	113	304
T_633	Madres	132	146	246	220	266	358	99	108	99	183	-9	161	226	249	119	306
T_633	Madres	-9	155	248	-9	268	-9	101	116	109	198	-9	165	-9	251	122	312
T_633	Madres	-9	-9	-9	-9	272	-9	-9	-9	-9	-9	-9	-9	-9	-9	125	-9
T_634	Madres	126	141	244	218	255	356	93	101	99	181	142	159	224	239	122	302
T_634	Madres	132	151	246	-9	266	358	99	105	101	183	-9	163	226	245	125	306
T_634	Madres	166	155	248	-9	268	-9	111	-9	-9	184	-9	-9	230	265	133	316
T_634	Madres	-9	-9	-9	-9	272	-9	-9	-9	-9	-9	-9	-9	-9	-9	-9	-9
T_635	Madres	126	141	244	218	262	356	93	101	97	181	142	159	224	239	113	306
T_635	Madres	132	144	248	220	268	358	113	116	107	183	-9	163	226	243	119	308
T_635	Madres	134	155	256	-9	272	-9	-9	-9	109	192	-9	-9	238	247	122	-9
T_635	Madres	-9	-9	-9	-9	-9	-9	-9	-9	-9	-9	-9	-9	-9	249	-9	-9
T_636	Madres	126	141	246	218	264	356	93	99	97	175	142	161	218	239	113	302
T_636	Madres	132	151	248	220	266	-9	99	101	99	186	-9	163	224	255	122	304
T_636	Madres	146	155	250	-9	280	-9	105	-9	101	192	-9	167	230	265	133	306
T_636	Madres	-9	-9	-9	-9	-9	-9	-9	-9	103	-9	-9	175	232	-9	-9	318
T_637	Madres	134	153	250	218	251	358	93	101	99	173	142	155	224	255	116	304
T_637	Madres	144	155	-9	-9	266	-9	-9	-9	101	198	-9	161	228	-9	119	-9
T_637	Madres	-9	-9	-9	-9	-9	-9	-9	-9	-9	-9	-9	-9	-9	-9	-9	-9
T_637	Madres	-9	-9	-9	-9	-9	-9	-9	-9	-9	-9	-9	-9	-9	-9	-9	-9
T_638	Madres	132	141	244	216	251	356	93	101	97	183	142	159	218	239	119	302
T_638	Madres	-9	148	248	218	262	358	101	105	99	186	-9	161	224	249	148	304
T_638	Madres	-9	155	-9	222	266	-9	-9	116	101	196	-9	163	226	-9	-9	306
T_638	Madres	-9	-9	-9	-9	-9	-9	-9	-9	-9	-9	-9	-9	230	-9	-9	-9
T_639	Madres	126	141	244	218	262	356	93	101	97	181	142	159	224	239	119	306
T_639	Madres	132	146	248	220	268	358	99	-9	107	186	-9	163	228	251	122	308
T_639	Madres	-9	155	-9	-9	270	-9	101	-9	109	190	-9	167	230	-9	125	318
T_639	Madres	-9	-9	-9	-9	286	-9	-9	-9	-9	198	-9	175	-9	-9	-9	-9
T_640	Madres	126	141	244	218	262	356	93	101	97	175	142	159	224	239	113	302
T_640	Madres	132	151	246	-9	266	-9	99	103	99	194	-9	163	232	245	119	306
T_640	Madres	-9	155	248	-9	268	-9	103	-9	-9	-9	-9	-9	234	-9	125	318
T_640	Madres	-9	-9	256	-9	272	-9	-9	-9	-9	-9	-9	-9	-9	-9	136	-9
T_641	Madres	128	159	242	218	251	358	93	101	99	177	142	159	230	255	119	304
T_641	Madres	144	171	246	222	-9	-9	103	-9	101	186	-9	163	232	-9	136	308
T_641	Madres	-9	-9	-9	-9	-9	-9	-9	-9	-9	-9	-9	-9	-9	-9	-9	-9
T_641	Madres	-9	-9	-9	-9	-9	-9	-9	-9	-9	-9	-9	-9	-9	-9	-9	-9
T_642	Madres	139	148	242	218	251	356	103	101	101	196	142	155	226	255	108	304
T_642	Madres	-9	155	250	222	264	358	-9	-9	107	198	-9	163	230	-9	119	-9
T_642	Madres	-9	-9	-9	-9	-9	-9	-9	-9	-9	-9	-9	-9	-9	-9	-9	-9
T_642	Madres	-9	-9	-9	-9	-9	-9	-9	-9	-9	-9	-9	-9	-9	-9	-9	-9
T_643	Madres	126	141	246	216	262	358	93	101	97	173	142	161	224	239	110	302
T_643	Madres	128	144	248	218	264	-9	99	116	99	181	-9	163	226	257	119	306
T_643	Madres	132	155	-9	220	266	-9	107	-9	103	192	-9	-9	230	-9	122	316
T_643	Madres	-9	-9	-9	-9	272	-9	-9	-9	-9	-9	-9	-9	232	-9	125	-9
T_644	Madres	135	146	246	218	264	356	93	101	101	186	142	159	228	249	110	304
T_644	Madres	139	155	-9	232	-9	-9	103	103	107	196	-9	161	232	261	119	-9
T_644	Madres	-9	-9	-9	-9	-9	-9	-9	-9	-9	-9	-9	-9	-9	-9	-9	-9
T_644	Madres	-9	-9	-9	-9	-9	-9	-9	-9	-9	-9	-9	-9	-9	-9	-9	-9
T_645	Madres	135	141	244	218	270	356	103	101	99	184	142	161	224	247	119	304
T_645	Madres	139	-9	252	222	274	360	-9	108	107	196	-9	-9	238	255	125	-9
T_645	Madres	-9	-9	-9	-9	-9	-9	-9	-9	-9	-9	-9	-9	-9	-9	-9	-9
T_645	Madres	-9	-9	-9	-9	-9	-9	-9	-9	-9	-9	-9	-9	-9	-9	-9	-9
T_646	Madres	128	141	244	218	262	356	93	101	97	186	142	161	218	239	119	302
T_646	Madres	-9	146	248	-9	266	358	99	-9	99	192	-9	167	224	247	122	306
T_646	Madres	-9	155	256	-9	268	360	103	-9	103	198	-9	169	232	265	-9	-9
T_646	Madres	-9	-9	-9	-9	272	-9	-9	-9	-9	-9	-9	173	-9	-9	-9	-9
T_647	Madres	132	141	244	216	255	356	93	101	99	175	142	159	224	243	119	302
T_647	Madres	134	146	246	218	262	358	99	-9	103	196	-9	161	226	245	122	306
T_647	Madres	139	151	248	220	264	-9	111	-9	-9	198	-9	163	232	251	150	314
T_647	Madres	-9	-9	-9	-9	-9	-9	-9	-9	-9	-9	-9	-9	-9	-9	-9	316
T_648	Madres	162	141	246	218	262	356	93	101	97	179	142	159	224	239	119	306
T_648	Madres	164	146	248	-9	270	-9	99	105	99	183	-9	163	230	247	122	308
T_648	Madres	166	155	250	-9	272	-9	101	-9	101	-9	-9	177	232	251	133	-9
T_648	Madres	168	-9	-9	-9	280	-9	103	-9	-9	-9	-9	-9	242	-9	-9	-9
T_649	Madres	128	141	244	218	262	356	93	101	97	175	142	159	226	239	119	302
T_649	Madres	132	-9	246	-9	282	-9	99	-9	101	192	-9	163	228	243	122	304
T_649	Madres	166	-9	248	-9	-9	-9	101	-9	-9	194	-9	173	230	247	125	306
T_649	Madres	-9	-9	-9	-9	-9	-9	-9	-9	-9	196	-9	-9	232	265	-9	-9
T_650	Madres	128	141	244	218	272	356	93	101	97	184	142	159	224	239	113	302
T_650	Madres	130	144	246	-9	-9	358	99	-9	101	186	-9	161	228	243	133	306
T_650	Madres	132	155	248	-9	-9	-9	105	-9	-9	196	-9	171	230	247	145	-9
T_650	Madres	-9	-9	-9	-9	-9	-9	113	-9	-9	-9	-9	-9	234	-9	148	-9
T_651	Madres	128	146	248	218	262	356	93	101	97	175	142	155	224	243	119	302
T_651	Madres	132	151	250	-9	264	-9	101	-9	101	188	-9	161	234	245	148	304
T_651	Madres	-9	155	-9	-9	268	-9	105	-9	103	192	-9	163	-9	251	-9	306
T_651	Madres	-9	-9	-9	-9	272	-9	107	-9	-9	198	-9	167	-9	255	-9	308
T_652	Madres	128	141	244	216	255	356	93	101	97	177	142	159	224	239	113	302
T_652	Madres	132	155	248	218	270	358	99	103	99	184	-9	161	230	249	119	304
T_652	Madres	-9	157	252	-9	272	-9	105	-9	101	194	-9	-9	-9	-9	122	306
T_652	Madres	-9	-9	-9	-9	282	-9	-9	-9	-9	196	-9	-9	-9	-9	-9	314
T_653	Madres	135	148	242	218	266	358	91	101	97	186	142	161	226	247	108	304
T_653	Madres	-9	155	248	-9	-9	-9	101	103	103	198	-9	163	-9	255	119	-9
T_653	Madres	-9	-9	-9	-9	-9	-9	-9	-9	-9	-9	-9	-9	-9	-9	-9	-9
T_653	Madres	-9	-9	-9	-9	-9	-9	-9	-9	-9	-9	-9	-9	-9	-9	-9	-9
T_654	Madres	126	141	244	218	251	356	93	101	99	186	142	159	224	243	122	302
T_654	Madres	132	151	250	220	272	358	99	-9	-9	194	-9	161	226	249	125	304
T_654	Madres	-9	155	-9	-9	-9	-9	-9	-9	-9	196	-9	171	-9	251	-9	306
T_654	Madres	-9	-9	-9	-9	-9	-9	-9	-9	-9	198	-9	-9	-9	255	-9	-9
T_655	Madres	132	141	244	218	262	356	93	101	97	181	142	161	224	239	119	306
T_655	Madres	-9	148	248	-9	264	-9	99	105	99	183	146	163	228	243	122	308
T_655	Madres	-9	155	-9	-9	266	-9	109	-9	-9	184	-9	167	230	247	133	318
T_655	Madres	-9	157	-9	-9	268	-9	-9	-9	-9	198	-9	-9	232	-9	148	-9
T_656	Madres	134	151	250	216	251	358	93	101	99	181	142	161	224	249	108	304
T_656	Madres	135	159	-9	218	268	-9	103	-9	101	184	-9	-9	228	255	110	306
T_656	Madres	-9	-9	-9	-9	-9	-9	-9	-9	-9	-9	-9	-9	-9	-9	-9	-9
T_656	Madres	-9	-9	-9	-9	-9	-9	-9	-9	-9	-9	-9	-9	-9	-9	-9	-9
T_657	Madres	132	141	242	216	262	356	93	99	97	184	142	161	224	239	119	302
T_657	Madres	134	146	244	218	266	358	99	101	105	192	-9	177	230	247	122	306
T_657	Madres	-9	155	248	-9	272	-9	105	-9	107	194	-9	179	232	251	136	-9
T_657	Madres	-9	-9	-9	-9	282	-9	-9	-9	109	200	-9	-9	-9	-9	-9	-9
T_658	Madres	132	155	246	216	251	358	93	101	97	186	142	159	224	239	119	306
T_658	Madres	-9	-9	248	218	253	-9	101	116	99	192	-9	161	226	251	133	318
T_658	Madres	-9	-9	250	-9	272	-9	111	-9	101	194	-9	163	230	255	148	-9
T_658	Madres	-9	-9	-9	-9	-9	-9	-9	-9	-9	-9	-9	-9	234	-9	-9	-9
T_659	Madres	135	155	242	218	266	356	93	101	101	194	142	155	224	255	119	306
T_659	Madres	144	159	-9	-9	-9	-9	-9	103	103	198	-9	161	228	-9	-9	-9
T_659	Madres	-9	-9	-9	-9	-9	-9	-9	-9	-9	-9	-9	-9	-9	-9	-9	-9
T_659	Madres	-9	-9	-9	-9	-9	-9	-9	-9	-9	-9	-9	-9	-9	-9	-9	-9
EBRO 29-1	Brinzales	135	155	246	216	262	356	103	101	101	186	142	159	228	255	110	304
EBRO 29-1	Brinzales	146	159	250	218	264	358	-9	-9	-9	194	-9	163	232	261	119	-9
EBRO 29-1	Brinzales	-9	-9	-9	-9	-9	-9	-9	-9	-9	-9	-9	-9	-9	-9	-9	-9
EBRO 29-1	Brinzales	-9	-9	-9	-9	-9	-9	-9	-9	-9	-9	-9	-9	-9	-9	-9	-9
EBRO 29-2	Brinzales	135	153	246	218	251	356	93	101	101	196	142	159	228	255	119	304
EBRO 29-2	Brinzales	-9	155	248	232	264	358	103	-9	-9	198	-9	167	232	261	-9	-9
EBRO 29-2	Brinzales	-9	-9	-9	-9	-9	-9	-9	-9	-9	-9	-9	-9	-9	-9	-9	-9
EBRO 29-2	Brinzales	-9	-9	-9	-9	-9	-9	-9	-9	-9	-9	-9	-9	-9	-9	-9	-9
EBRO 29-3	Brinzales	135	155	246	222	255	356	93	101	99	173	142	159	232	249	108	304
EBRO 29-3	Brinzales	144	-9	248	232	264	360	-9	-9	107	196	-9	163	234	255	119	-9
EBRO 29-3	Brinzales	-9	-9	-9	-9	-9	-9	-9	-9	-9	-9	-9	-9	-9	-9	-9	-9
EBRO 29-3	Brinzales	-9	-9	-9	-9	-9	-9	-9	-9	-9	-9	-9	-9	-9	-9	-9	-9
EBRO 29-4	Brinzales	135	153	246	224	264	356	103	101	101	184	142	159	228	249	110	304
EBRO 29-4	Brinzales	-9	155	250	232	-9	360	105	-9	107	186	-9	167	232	257	119	-9
EBRO 29-4	Brinzales	-9	-9	-9	-9	-9	-9	-9	-9	-9	-9	-9	-9	-9	-9	-9	-9
EBRO 29-4	Brinzales	-9	-9	-9	-9	-9	-9	-9	-9	-9	-9	-9	-9	-9	-9	-9	-9
EBRO 29-5	Brinzales	135	155	244	218	264	356	93	101	101	184	142	159	228	257	119	304
EBRO 29-5	Brinzales	-9	-9	246	232	-9	358	-9	-9	107	186	-9	161	-9	261	-9	-9
EBRO 29-5	Brinzales	-9	-9	-9	-9	-9	-9	-9	-9	-9	-9	-9	-9	-9	-9	-9	-9
EBRO 29-5	Brinzales	-9	-9	-9	-9	-9	-9	-9	-9	-9	-9	-9	-9	-9	-9	-9	-9
EBRO 29-6	Brinzales	135	155	246	216	262	356	93	101	101	186	142	155	228	249	119	304
EBRO 29-6	Brinzales	-9	-9	-9	232	264	358	-9	103	107	194	-9	159	-9	255	136	-9
EBRO 29-6	Brinzales	-9	-9	-9	-9	-9	-9	-9	-9	-9	-9	-9	-9	-9	-9	-9	-9
EBRO 29-6	Brinzales	-9	-9	-9	-9	-9	-9	-9	-9	-9	-9	-9	-9	-9	-9	-9	-9
EBRO 29-7	Brinzales	135	151	242	218	264	356	103	101	101	181	142	159	232	255	110	304
EBRO 29-7	Brinzales	144	155	246	224	-9	-9	-9	-9	-9	186	-9	161	238	261	119	-9
EBRO 29-7	Brinzales	-9	-9	-9	-9	-9	-9	-9	-9	-9	-9	-9	-9	-9	-9	-9	-9
EBRO 29-7	Brinzales	-9	-9	-9	-9	-9	-9	-9	-9	-9	-9	-9	-9	-9	-9	-9	-9
EBRO 29-8	Brinzales	135	155	242	218	251	356	93	101	107	196	142	159	224	249	119	304
EBRO 29-8	Brinzales	-9	-9	246	222	264	-9	-9	103	-9	-9	-9	163	232	255	-9	-9
EBRO 29-8	Brinzales	-9	-9	-9	-9	-9	-9	-9	-9	-9	-9	-9	-9	-9	-9	-9	-9
EBRO 29-8	Brinzales	-9	-9	-9	-9	-9	-9	-9	-9	-9	-9	-9	-9	-9	-9	-9	-9
EBRO 29-9	Brinzales	135	155	246	218	264	356	93	101	107	196	142	155	226	249	110	304
EBRO 29-9	Brinzales	-9	-9	250	232	272	-9	-9	-9	-9	-9	-9	161	232	255	119	-9
EBRO 29-9	Brinzales	-9	-9	-9	-9	-9	-9	-9	-9	-9	-9	-9	-9	-9	-9	-9	-9
EBRO 29-9	Brinzales	-9	-9	-9	-9	-9	-9	-9	-9	-9	-9	-9	-9	-9	-9	-9	-9
EBRO 29-10	Brinzales	135	155	244	218	251	356	103	101	101	184	142	161	228	255	108	304
EBRO 29-10	Brinzales	-9	159	246	-9	264	-9	105	103	107	196	-9	163	230	261	119	-9
EBRO 29-10	Brinzales	-9	-9	-9	-9	-9	-9	-9	-9	-9	-9	-9	-9	-9	-9	-9	-9
EBRO 29-10	Brinzales	-9	-9	-9	-9	-9	-9	-9	-9	-9	-9	-9	-9	-9	-9	-9	-9
EBRO 29-11	Brinzales	128	155	244	218	262	356	93	101	99	177	142	159	222	249	110	304
EBRO 29-11	Brinzales	135	-9	246	222	264	358	-9	-9	107	186	-9	161	232	255	119	-9
EBRO 29-11	Brinzales	-9	-9	-9	-9	-9	-9	-9	-9	-9	-9	-9	-9	-9	-9	-9	-9
EBRO 29-11	Brinzales	-9	-9	-9	-9	-9	-9	-9	-9	-9	-9	-9	-9	-9	-9	-9	-9
EBRO 29-12	Brinzales	128	155	246	218	251	356	93	101	99	186	142	159	232	255	108	304
EBRO 29-12	Brinzales	135	-9	250	232	264	360	-9	103	101	202	-9	161	238	261	119	-9
EBRO 29-12	Brinzales	-9	-9	-9	-9	-9	-9	-9	-9	-9	-9	-9	-9	-9	-9	-9	-9
EBRO 29-12	Brinzales	-9	-9	-9	-9	-9	-9	-9	-9	-9	-9	-9	-9	-9	-9	-9	-9
EBRO 29-13	Brinzales	134	148	244	218	264	356	103	101	101	194	142	155	230	249	110	304
EBRO 29-13	Brinzales	135	155	246	-9	270	-9	-9	103	107	196	-9	159	232	-9	119	-9
EBRO 29-13	Brinzales	-9	-9	-9	-9	-9	-9	-9	-9	-9	-9	-9	-9	-9	-9	-9	-9
EBRO 29-13	Brinzales	-9	-9	-9	-9	-9	-9	-9	-9	-9	-9	-9	-9	-9	-9	-9	-9
EBRO 29-14	Brinzales	135	151	242	224	264	356	103	101	101	181	142	161	228	249	110	304
EBRO 29-14	Brinzales	144	155	246	232	268	-9	-9	-9	107	196	-9	-9	238	255	119	-9
EBRO 29-14	Brinzales	-9	-9	-9	-9	-9	-9	-9	-9	-9	-9	-9	-9	-9	-9	-9	-9
EBRO 29-14	Brinzales	-9	-9	-9	-9	-9	-9	-9	-9	-9	-9	-9	-9	-9	-9	-9	-9
EBRO 29-15	Brinzales	134	155	246	218	251	356	93	101	101	186	142	161	232	249	108	304
EBRO 29-15	Brinzales	135	-9	250	-9	264	360	103	103	107	202	-9	169	234	255	119	-9
EBRO 29-15	Brinzales	-9	-9	-9	-9	-9	-9	-9	-9	-9	-9	-9	-9	-9	-9	-9	-9
EBRO 29-15	Brinzales	-9	-9	-9	-9	-9	-9	-9	-9	-9	-9	-9	-9	-9	-9	-9	-9
EBRO 29-16	Brinzales	135	153	246	218	251	356	103	101	101	186	142	161	228	249	119	304
EBRO 29-16	Brinzales	-9	155	250	-9	264	358	-9	-9	107	198	-9	171	232	255	-9	-9
EBRO 29-16	Brinzales	-9	-9	-9	-9	-9	-9	-9	-9	-9	-9	-9	-9	-9	-9	-9	-9
EBRO 29-16	Brinzales	-9	-9	-9	-9	-9	-9	-9	-9	-9	-9	-9	-9	-9	-9	-9	-9
EBRO 29-17	Brinzales	135	155	242	218	-9	356	103	101	101	196	142	159	220	249	108	304
EBRO 29-17	Brinzales	-9	-9	246	232	-9	-9	105	-9	105	-9	-9	169	228	261	119	-9
EBRO 29-17	Brinzales	-9	-9	-9	-9	-9	-9	-9	-9	-9	-9	-9	-9	-9	-9	-9	-9
EBRO 29-17	Brinzales	-9	-9	-9	-9	-9	-9	-9	-9	-9	-9	-9	-9	-9	-9	-9	-9
EBRO 29-18	Brinzales	128	155	246	218	264	356	93	103	101	184	142	161	224	249	110	304
EBRO 29-18	Brinzales	135	161	250	-9	270	358	99	-9	107	196	-9	163	228	257	125	-9
EBRO 29-18	Brinzales	-9	-9	-9	-9	-9	-9	-9	-9	-9	-9	-9	-9	-9	-9	-9	-9
EBRO 29-18	Brinzales	-9	-9	-9	-9	-9	-9	-9	-9	-9	-9	-9	-9	-9	-9	-9	-9
EBRO 22-1	Brinzales	132	141	250	218	264	358	93	101	97	181	142	155	224	239	108	304
EBRO 22-1	Brinzales	134	151	252	220	266	-9	103	-9	99	190	-9	161	228	251	113	318
EBRO 22-1	Brinzales	-9	155	-9	-9	270	-9	-9	-9	101	198	-9	163	230	255	116	320
EBRO 22-1	Brinzales	-9	-9	-9	-9	-9	-9	-9	-9	-9	-9	-9	-9	-9	-9	-9	-9
EBRO 22-2	Brinzales	132	151	244	218	264	356	93	101	97	183	142	161	224	243	119	304
EBRO 22-2	Brinzales	144	153	248	-9	266	358	111	-9	99	198	-9	167	226	245	-9	306
EBRO 22-2	Brinzales	-9	155	250	-9	270	-9	113	-9	101	-9	-9	171	-9	255	-9	-9
EBRO 22-2	Brinzales	-9	-9	-9	-9	-9	-9	-9	-9	-9	-9	-9	-9	-9	-9	-9	-9
EBRO 22-3	Brinzales	134	155	246	218	251	358	93	101	101	173	142	159	228	249	116	304
EBRO 22-3	Brinzales	144	159	250	-9	272	360	103	-9	107	198	-9	161	230	255	119	-9
EBRO 22-3	Brinzales	-9	-9	-9	-9	-9	-9	-9	-9	-9	-9	-9	-9	-9	-9	-9	-9
EBRO 22-3	Brinzales	-9	-9	-9	-9	-9	-9	-9	-9	-9	-9	-9	-9	-9	-9	-9	-9
EBRO 22-4	Brinzales	134	153	250	218	251	358	93	101	99	177	142	161	228	255	116	304
EBRO 22-4	Brinzales	-9	-9	-9	-9	-9	-9	103	-9	101	198	-9	169	238	-9	136	-9
EBRO 22-4	Brinzales	-9	-9	-9	-9	-9	-9	-9	-9	-9	-9	-9	-9	-9	-9	-9	-9
EBRO 22-4	Brinzales	-9	-9	-9	-9	-9	-9	-9	-9	-9	-9	-9	-9	-9	-9	-9	-9
EBRO 22-5	Brinzales	130	141	244	218	266	356	93	101	99	177	142	155	214	243	119	302
EBRO 22-5	Brinzales	132	153	248	-9	268	358	99	-9	107	198	-9	163	224	255	-9	304
EBRO 22-5	Brinzales	134	-9	250	-9	272	-9	109	-9	-9	-9	-9	-9	230	-9	-9	308
EBRO 22-5	Brinzales	-9	-9	-9	-9	-9	-9	-9	-9	-9	-9	-9	-9	-9	-9	-9	-9
EBRO 22-6	Brinzales	135	148	244	218	251	356	93	101	99	198	142	161	224	255	108	304
EBRO 22-6	Brinzales	144	153	250	-9	264	358	-9	-9	101	202	-9	163	238	-9	116	-9
EBRO 22-6	Brinzales	-9	-9	-9	-9	-9	-9	-9	-9	-9	-9	-9	-9	-9	-9	-9	-9
EBRO 22-6	Brinzales	-9	-9	-9	-9	-9	-9	-9	-9	-9	-9	-9	-9	-9	-9	-9	-9
EBRO 22-7	Brinzales	134	153	242	218	251	356	93	101	99	173	142	155	224	255	119	304
EBRO 22-7	Brinzales	135	155	250	-9	264	358	-9	108	-9	196	-9	163	230	-9	125	-9
EBRO 22-7	Brinzales	-9	-9	-9	-9	-9	-9	-9	-9	-9	-9	-9	-9	-9	-9	-9	-9
EBRO 22-7	Brinzales	-9	-9	-9	-9	-9	-9	-9	-9	-9	-9	-9	-9	-9	-9	-9	-9
EBRO 22-8	Brinzales	130	148	244	218	251	356	93	101	97	173	142	161	218	239	119	302
EBRO 22-8	Brinzales	144	155	248	222	266	358	101	105	101	183	-9	163	228	255	-9	304
EBRO 22-8	Brinzales	164	-9	250	-9	-9	-9	-9	-9	-9	196	-9	-9	230	-9	-9	-9
EBRO 22-8	Brinzales	-9	-9	-9	-9	-9	-9	-9	-9	-9	-9	-9	-9	-9	-9	-9	-9
EBRO 22-9	Brinzales	134	155	244	218	251	356	93	101	99	173	142	161	224	255	119	304
EBRO 22-9	Brinzales	135	-9	250	-9	264	358	-9	-9	101	196	-9	163	228	-9	-9	-9
EBRO 22-9	Brinzales	-9	-9	-9	-9	-9	-9	-9	-9	-9	-9	-9	-9	-9	-9	-9	-9
EBRO 22-9	Brinzales	-9	-9	-9	-9	-9	-9	-9	-9	-9	-9	-9	-9	-9	-9	-9	-9
EBRO 22-10	Brinzales	126	141	244	218	266	356	93	101	97	177	142	155	214	239	116	304
EBRO 22-10	Brinzales	130	151	248	-9	268	358	99	108	99	192	-9	159	224	245	119	306
EBRO 22-10	Brinzales	144	153	250	-9	272	-9	111	-9	-9	198	-9	163	226	255	-9	-9
EBRO 22-10	Brinzales	-9	-9	-9	-9	-9	-9	-9	-9	-9	-9	-9	-9	-9	-9	-9	-9
EBRO 22-11	Brinzales	144	153	244	218	251	356	93	101	101	173	142	161	228	255	119	304
EBRO 22-11	Brinzales	-9	155	250	-9	-9	358	103	-9	107	177	-9	163	-9	-9	-9	-9
EBRO 22-11	Brinzales	-9	-9	-9	-9	-9	-9	-9	-9	-9	-9	-9	-9	-9	-9	-9	-9
EBRO 22-11	Brinzales	-9	-9	-9	-9	-9	-9	-9	-9	-9	-9	-9	-9	-9	-9	-9	-9
EBRO 22-12	Brinzales	132	141	246	218	266	356	93	101	97	173	142	155	226	243	119	302
EBRO 22-12	Brinzales	144	151	250	-9	268	358	107	-9	101	177	-9	161	228	245	-9	304
EBRO 22-12	Brinzales	166	155	-9	-9	-9	-9	113	-9	-9	186	-9	171	-9	255	-9	306
EBRO 22-12	Brinzales	-9	-9	-9	-9	-9	-9	-9	-9	-9	-9	-9	-9	-9	-9	-9	-9
EBRO 22-13	Brinzales	134	153	242	218	251	356	93	101	99	186	142	155	226	249	119	304
EBRO 22-13	Brinzales	-9	-9	250	-9	264	358	103	-9	101	198	-9	169	228	255	-9	306
EBRO 22-13	Brinzales	-9	-9	-9	-9	-9	-9	-9	-9	-9	-9	-9	-9	-9	-9	-9	-9
EBRO 22-13	Brinzales	-9	-9	-9	-9	-9	-9	-9	-9	-9	-9	-9	-9	-9	-9	-9	-9
EBRO 22-14	Brinzales	134	155	250	218	251	356	93	101	101	173	142	161	220	255	108	304
EBRO 22-14	Brinzales	144	159	-9	-9	264	358	105	-9	-9	177	-9	169	228	-9	119	-9
EBRO 22-14	Brinzales	-9	-9	-9	-9	-9	-9	-9	-9	-9	-9	-9	-9	-9	-9	-9	-9
EBRO 22-14	Brinzales	-9	-9	-9	-9	-9	-9	-9	-9	-9	-9	-9	-9	-9	-9	-9	-9
EBRO 22-15	Brinzales	135	155	244	216	251	356	93	101	99	196	142	155	224	249	116	304
EBRO 22-15	Brinzales	144	-9	250	218	266	358	99	-9	101	198	-9	161	-9	255	119	306
EBRO 22-15	Brinzales	-9	-9	-9	-9	-9	-9	-9	-9	-9	-9	-9	-9	-9	-9	-9	-9
EBRO 22-15	Brinzales	-9	-9	-9	-9	-9	-9	-9	-9	-9	-9	-9	-9	-9	-9	-9	-9
EBRO 22-16	Brinzales	134	153	242	218	266	356	93	101	99	173	142	155	224	255	119	304
EBRO 22-16	Brinzales	135	159	250	-9	268	358	-9	108	-9	196	-9	161	230	-9	-9	-9
EBRO 22-16	Brinzales	-9	-9	-9	-9	-9	-9	-9	-9	-9	-9	-9	-9	-9	-9	-9	-9
EBRO 22-16	Brinzales	-9	-9	-9	-9	-9	-9	-9	-9	-9	-9	-9	-9	-9	-9	-9	-9
EBRO 22-17	Brinzales	134	155	242	218	251	356	93	101	101	196	142	161	224	249	108	304
EBRO 22-17	Brinzales	144	-9	250	-9	257	358	103	-9	-9	198	-9	163	226	255	116	306
EBRO 22-17	Brinzales	-9	-9	-9	-9	-9	-9	-9	-9	-9	-9	-9	-9	-9	-9	-9	-9
EBRO 22-17	Brinzales	-9	-9	-9	-9	-9	-9	-9	-9	-9	-9	-9	-9	-9	-9	-9	-9
EBRO 22-18	Brinzales	126	141	244	218	266	356	93	101	99	177	142	155	214	239	119	304
EBRO 22-18	Brinzales	130	153	248	-9	272	358	109	-9	107	192	-9	161	226	243	133	306
EBRO 22-18	Brinzales	144	-9	250	-9	-9	-9	111	-9	-9	198	-9	163	228	255	-9	308
EBRO 22-18	Brinzales	-9	-9	-9	-9	-9	-9	-9	-9	-9	-9	-9	-9	-9	-9	-9	-9
EBRO 26-1	Brinzales	144	159	242	218	251	356	103	101	101	177	142	159	228	255	125	304
EBRO 26-1	Brinzales	-9	-9	244	-9	-9	358	-9	-9	107	-9	-9	163	230	-9	136	-9
EBRO 26-1	Brinzales	-9	-9	-9	-9	-9	-9	-9	-9	-9	-9	-9	-9	-9	-9	-9	-9
EBRO 26-1	Brinzales	-9	-9	-9	-9	-9	-9	-9	-9	-9	-9	-9	-9	-9	-9	-9	-9
EBRO 26-2	Brinzales	135	159	246	218	251	358	103	101	99	177	142	159	230	255	119	304
EBRO 26-2	Brinzales	144	169	250	222	-9	-9	-9	-9	101	-9	-9	171	-9	-9	136	-9
EBRO 26-2	Brinzales	-9	-9	-9	-9	-9	-9	-9	-9	-9	-9	-9	-9	-9	-9	-9	-9
EBRO 26-2	Brinzales	-9	-9	-9	-9	-9	-9	-9	-9	-9	-9	-9	-9	-9	-9	-9	-9
EBRO 26-3	Brinzales	126	141	242	218	251	356	101	101	99	177	142	163	226	243	119	304
EBRO 26-3	Brinzales	132	151	244	222	266	358	103	103	107	-9	-9	-9	230	245	136	306
EBRO 26-3	Brinzales	144	169	248	-9	270	-9	111	-9	-9	-9	-9	-9	232	-9	-9	308
EBRO 26-3	Brinzales	-9	-9	-9	-9	-9	-9	-9	-9	-9	-9	-9	-9	-9	-9	-9	-9
EBRO 26-4	Brinzales	126	141	242	218	251	356	99	101	97	177	142	159	226	243	119	302
EBRO 26-4	Brinzales	128	151	244	-9	268	358	103	103	99	181	-9	163	230	245	136	308
EBRO 26-4	Brinzales	130	169	248	-9	270	-9	109	-9	-9	192	-9	-9	232	-9	-9	-9
EBRO 26-4	Brinzales	-9	-9	-9	-9	-9	-9	-9	-9	-9	-9	-9	-9	-9	-9	-9	-9
EBRO 26-5	Brinzales	128	159	246	218	251	356	103	101	101	177	142	159	230	255	119	304
EBRO 26-5	Brinzales	135	-9	248	-9	270	358	-9	-9	103	181	-9	-9	232	-9	125	308
EBRO 26-5	Brinzales	-9	-9	-9	-9	-9	-9	-9	-9	-9	-9	-9	-9	-9	-9	-9	-9
EBRO 26-5	Brinzales	-9	-9	-9	-9	-9	-9	-9	-9	-9	-9	-9	-9	-9	-9	-9	-9
EBRO 26-6	Brinzales	128	141	244	218	251	356	103	101	99	177	142	163	228	255	125	304
EBRO 26-6	Brinzales	-9	169	246	-9	-9	358	-9	-9	107	196	-9	-9	232	-9	136	-9
EBRO 26-6	Brinzales	-9	-9	-9	-9	-9	-9	-9	-9	-9	-9	-9	-9	-9	-9	-9	-9
EBRO 26-6	Brinzales	-9	-9	-9	-9	-9	-9	-9	-9	-9	-9	-9	-9	-9	-9	-9	-9
EBRO 26-7	Brinzales	128	159	244	218	251	358	103	101	101	186	142	159	230	255	108	304
EBRO 26-7	Brinzales	134	-9	246	-9	-9	-9	-9	-9	-9	-9	-9	161	-9	-9	119	308
EBRO 26-7	Brinzales	-9	-9	-9	-9	-9	-9	-9	-9	-9	-9	-9	-9	-9	-9	-9	-9
EBRO 26-7	Brinzales	-9	-9	-9	-9	-9	-9	-9	-9	-9	-9	-9	-9	-9	-9	-9	-9
EBRO 26-8	Brinzales	128	163	242	218	251	356	93	101	99	177	142	159	228	255	119	304
EBRO 26-8	Brinzales	144	169	244	222	-9	358	103	-9	107	186	-9	163	230	-9	125	308
EBRO 26-8	Brinzales	-9	-9	-9	-9	-9	-9	-9	-9	-9	-9	-9	-9	-9	-9	-9	-9
EBRO 26-8	Brinzales	-9	-9	-9	-9	-9	-9	-9	-9	-9	-9	-9	-9	-9	-9	-9	-9
EBRO 26-9	Brinzales	128	151	242	218	251	356	93	101	99	177	142	163	232	257	108	304
EBRO 26-9	Brinzales	135	169	246	-9	270	358	103	-9	101	-9	-9	169	238	-9	136	308
EBRO 26-9	Brinzales	-9	-9	-9	-9	-9	-9	-9	-9	-9	-9	-9	-9	-9	-9	-9	-9
EBRO 26-9	Brinzales	-9	-9	-9	-9	-9	-9	-9	-9	-9	-9	-9	-9	-9	-9	-9	-9
EBRO 26-10	Brinzales	128	155	242	222	251	356	103	101	101	177	142	159	226	255	119	304
EBRO 26-10	Brinzales	135	159	-9	-9	-9	358	-9	-9	107	196	-9	163	232	-9	-9	-9
EBRO 26-10	Brinzales	-9	-9	-9	-9	-9	-9	-9	-9	-9	-9	-9	-9	-9	-9	-9	-9
EBRO 26-10	Brinzales	-9	-9	-9	-9	-9	-9	-9	-9	-9	-9	-9	-9	-9	-9	-9	-9
EBRO 26-11	Brinzales	128	159	242	218	251	356	103	101	101	177	142	159	232	255	125	304
EBRO 26-11	Brinzales	144	-9	244	222	-9	358	-9	-9	107	-9	-9	163	-9	-9	136	-9
EBRO 26-11	Brinzales	-9	-9	-9	-9	-9	-9	-9	-9	-9	-9	-9	-9	-9	-9	-9	-9
EBRO 26-11	Brinzales	-9	-9	-9	-9	-9	-9	-9	-9	-9	-9	-9	-9	-9	-9	-9	-9
EBRO 26-12	Brinzales	134	151	246	218	251	358	93	101	101	186	142	159	230	255	119	304
EBRO 26-12	Brinzales	144	159	248	222	-9	-9	103	-9	103	196	-9	-9	232	-9	125	308
EBRO 26-12	Brinzales	-9	-9	-9	-9	-9	-9	-9	-9	-9	-9	-9	-9	-9	-9	-9	-9
EBRO 26-12	Brinzales	-9	-9	-9	-9	-9	-9	-9	-9	-9	-9	-9	-9	-9	-9	-9	-9
EBRO 26-13	Brinzales	126	141	244	218	251	356	101	101	97	177	142	159	214	239	119	306
EBRO 26-13	Brinzales	128	151	246	220	268	358	103	103	99	181	-9	163	226	245	-9	308
EBRO 26-13	Brinzales	132	159	248	-9	272	-9	109	108	101	-9	-9	-9	230	-9	-9	-9
EBRO 26-13	Brinzales	-9	-9	-9	-9	-9	-9	-9	-9	-9	-9	-9	-9	-9	-9	-9	-9
EBRO 26-14	Brinzales	128	141	244	218	251	356	103	101	99	186	142	163	228	255	119	304
EBRO 26-14	Brinzales	144	169	246	222	-9	358	-9	-9	107	196	-9	-9	232	-9	125	-9
EBRO 26-14	Brinzales	-9	-9	-9	-9	-9	-9	-9	-9	-9	-9	-9	-9	-9	-9	-9	-9
EBRO 26-14	Brinzales	-9	-9	-9	-9	-9	-9	-9	-9	-9	-9	-9	-9	-9	-9	-9	-9
EBRO 26-15	Brinzales	128	159	246	218	251	358	103	101	99	186	142	159	228	255	125	304
EBRO 26-15	Brinzales	134	169	248	-9	270	-9	-9	-9	103	196	-9	-9	230	-9	136	-9
EBRO 26-15	Brinzales	-9	-9	-9	-9	-9	-9	-9	-9	-9	-9	-9	-9	-9	-9	-9	-9
EBRO 26-15	Brinzales	-9	-9	-9	-9	-9	-9	-9	-9	-9	-9	-9	-9	-9	-9	-9	-9
EBRO 26-16	Brinzales	126	141	242	218	251	356	93	101	97	177	142	155	214	239	119	302
EBRO 26-16	Brinzales	132	151	244	222	268	358	99	-9	99	192	-9	163	226	245	133	306
EBRO 26-16	Brinzales	144	169	248	-9	272	-9	101	-9	-9	-9	-9	-9	230	-9	136	308
EBRO 26-16	Brinzales	-9	-9	-9	-9	-9	-9	-9	-9	-9	-9	-9	-9	-9	-9	-9	-9
EBRO 26-17	Brinzales	128	159	242	218	251	356	93	101	101	186	142	159	232	255	125	304
EBRO 26-17	Brinzales	144	163	244	-9	-9	358	103	-9	107	196	-9	163	-9	-9	136	308
EBRO 26-17	Brinzales	-9	-9	-9	-9	-9	-9	-9	-9	-9	-9	-9	-9	-9	-9	-9	-9
EBRO 26-17	Brinzales	-9	-9	-9	-9	-9	-9	-9	-9	-9	-9	-9	-9	-9	-9	-9	-9
EBRO 26-18	Brinzales	128	159	244	218	251	356	103	101	101	177	142	159	230	255	125	304
EBRO 26-18	Brinzales	144	-9	246	222	-9	358	-9	-9	107	186	-9	163	232	-9	136	308
EBRO 26-18	Brinzales	-9	-9	-9	-9	-9	-9	-9	-9	-9	-9	-9	-9	-9	-9	-9	-9
EBRO 26-18	Brinzales	-9	-9	-9	-9	-9	-9	-9	-9	-9	-9	-9	-9	-9	-9	-9	-9
EBRO 27-5	Brinzales	134	148	250	218	251	356	103	101	101	194	142	157	226	255	110	304
EBRO 27-5	Brinzales	135	159	-9	222	264	358	-9	-9	107	196	-9	163	230	-9	119	-9
EBRO 27-5	Brinzales	-9	-9	-9	-9	-9	-9	-9	-9	-9	-9	-9	-9	-9	-9	-9	-9
EBRO 27-5	Brinzales	-9	-9	-9	-9	-9	-9	-9	-9	-9	-9	-9	-9	-9	-9	-9	-9
EBRO 27-6	Brinzales	135	155	242	218	251	358	103	101	107	198	142	163	230	255	108	304
EBRO 27-6	Brinzales	146	-9	246	-9	257	-9	-9	-9	-9	202	-9	-9	-9	-9	119	-9
EBRO 27-6	Brinzales	-9	-9	-9	-9	-9	-9	-9	-9	-9	-9	-9	-9	-9	-9	-9	-9
EBRO 27-6	Brinzales	-9	-9	-9	-9	-9	-9	-9	-9	-9	-9	-9	-9	-9	-9	-9	-9
EBRO 27-7	Brinzales	134	148	242	218	251	358	103	101	101	184	142	161	226	255	108	304
EBRO 27-7	Brinzales	135	155	-9	-9	272	-9	-9	103	107	196	-9	163	-9	-9	119	-9
EBRO 27-7	Brinzales	-9	-9	-9	-9	-9	-9	-9	-9	-9	-9	-9	-9	-9	-9	-9	-9
EBRO 27-7	Brinzales	-9	-9	-9	-9	-9	-9	-9	-9	-9	-9	-9	-9	-9	-9	-9	-9
EBRO 27-8	Brinzales	134	155	242	218	251	356	103	101	103	181	142	157	228	255	108	304
EBRO 27-8	Brinzales	135	-9	244	222	-9	-9	-9	-9	107	196	-9	163	230	-9	125	-9
EBRO 27-8	Brinzales	-9	-9	-9	-9	-9	-9	-9	-9	-9	-9	-9	-9	-9	-9	-9	-9
EBRO 27-8	Brinzales	-9	-9	-9	-9	-9	-9	-9	-9	-9	-9	-9	-9	-9	-9	-9	-9
EBRO 27-9	Brinzales	126	141	242	218	251	356	99	101	99	181	142	155	226	239	108	304
EBRO 27-9	Brinzales	132	148	244	-9	268	358	101	108	-9	192	-9	159	230	243	119	306
EBRO 27-9	Brinzales	135	-9	248	-9	272	-9	103	-9	-9	198	-9	-9	-9	255	133	308
EBRO 27-9	Brinzales	-9	-9	-9	-9	-9	-9	-9	-9	-9	-9	-9	-9	-9	-9	-9	-9
EBRO 27-10	Brinzales	135	148	242	218	251	358	103	101	101	184	142	155	226	255	108	304
EBRO 27-10	Brinzales	-9	-9	250	-9	-9	-9	-9	-9	-9	196	-9	161	230	-9	110	-9
EBRO 27-10	Brinzales	-9	-9	-9	-9	-9	-9	-9	-9	-9	-9	-9	-9	-9	-9	-9	-9
EBRO 27-10	Brinzales	-9	-9	-9	-9	-9	-9	-9	-9	-9	-9	-9	-9	-9	-9	-9	-9
EBRO 27-11	Brinzales	126	141	244	218	264	356	101	101	99	177	142	155	214	239	108	304
EBRO 27-11	Brinzales	132	148	250	220	266	358	103	103	101	192	-9	159	230	243	119	306
EBRO 27-11	Brinzales	135	-9	-9	-9	268	-9	109	-9	107	196	-9	163	-9	255	133	-9
EBRO 27-11	Brinzales	-9	-9	-9	-9	-9	-9	-9	-9	-9	-9	-9	-9	-9	-9	-9	-9
EBRO 27-12	Brinzales	134	155	242	218	251	356	97	101	101	196	142	157	226	255	108	304
EBRO 27-12	Brinzales	135	159	250	222	272	358	103	-9	107	198	-9	163	-9	-9	119	-9
EBRO 27-12	Brinzales	-9	-9	-9	-9	-9	-9	-9	-9	-9	-9	-9	-9	-9	-9	-9	-9
EBRO 27-12	Brinzales	-9	-9	-9	-9	-9	-9	-9	-9	-9	-9	-9	-9	-9	-9	-9	-9
EBRO 27-13	Brinzales	134	155	242	218	251	356	103	101	101	177	142	163	230	255	119	304
EBRO 27-13	Brinzales	135	159	250	222	-9	358	105	-9	107	196	-9	171	-9	-9	-9	-9
EBRO 27-13	Brinzales	-9	-9	-9	-9	-9	-9	-9	-9	-9	-9	-9	-9	-9	-9	-9	-9
EBRO 27-13	Brinzales	-9	-9	-9	-9	-9	-9	-9	-9	-9	-9	-9	-9	-9	-9	-9	-9
EBRO 27-14	Brinzales	130	141	242	218	251	356	101	101	99	177	142	163	214	239	119	302
EBRO 27-14	Brinzales	132	148	244	222	268	-9	103	103	101	196	-9	-9	226	243	-9	304
EBRO 27-14	Brinzales	135	-9	248	-9	272	-9	111	108	107	-9	-9	-9	-9	255	-9	306
EBRO 27-14	Brinzales	-9	-9	-9	-9	-9	-9	-9	-9	-9	-9	-9	-9	-9	-9	-9	-9
EBRO 27-15	Brinzales	134	155	250	218	251	356	103	101	107	184	142	155	226	255	108	304
EBRO 27-15	Brinzales	135	159	-9	222	264	358	-9	103	-9	196	-9	157	230	-9	119	-9
EBRO 27-15	Brinzales	-9	-9	-9	-9	-9	-9	-9	-9	-9	-9	-9	-9	-9	-9	-9	-9
EBRO 27-15	Brinzales	-9	-9	-9	-9	-9	-9	-9	-9	-9	-9	-9	-9	-9	-9	-9	-9
EBRO 27-16	Brinzales	135	148	244	218	251	358	103	101	99	181	142	155	230	255	108	304
EBRO 27-16	Brinzales	-9	159	250	-9	-9	-9	-9	-9	101	198	-9	157	-9	-9	-9	-9
EBRO 27-16	Brinzales	-9	-9	-9	-9	-9	-9	-9	-9	-9	-9	-9	-9	-9	-9	-9	-9
EBRO 27-16	Brinzales	-9	-9	-9	-9	-9	-9	-9	-9	-9	-9	-9	-9	-9	-9	-9	-9
EBRO 27-17	Brinzales	134	155	250	218	251	356	103	101	101	177	142	155	228	255	119	304
EBRO 27-17	Brinzales	135	159	-9	222	264	358	-9	-9	107	198	-9	171	230	-9	-9	306
EBRO 27-17	Brinzales	-9	-9	-9	-9	-9	-9	-9	-9	-9	-9	-9	-9	-9	-9	-9	-9
EBRO 27-17	Brinzales	-9	-9	-9	-9	-9	-9	-9	-9	-9	-9	-9	-9	-9	-9	-9	-9
EBRO 27-18	Brinzales	135	148	242	218	251	358	93	101	101	186	142	155	230	255	119	304
EBRO 27-18	Brinzales	144	159	-9	222	-9	-9	103	-9	-9	196	-9	159	-9	-9	136	-9
EBRO 27-18	Brinzales	-9	-9	-9	-9	-9	-9	-9	-9	-9	-9	-9	-9	-9	-9	-9	-9
EBRO 27-18	Brinzales	-9	-9	-9	-9	-9	-9	-9	-9	-9	-9	-9	-9	-9	-9	-9	-9
EBRO 23-1	Brinzales	132	141	248	218	251	356	93	101	97	173	142	155	224	239	116	304
EBRO 23-1	Brinzales	134	148	250	222	262	358	-9	116	99	183	-9	159	226	249	119	306
EBRO 23-1	Brinzales	-9	153	-9	-9	-9	-9	-9	-9	101	186	-9	161	230	255	148	-9
EBRO 23-1	Brinzales	-9	-9	-9	-9	-9	-9	-9	-9	-9	-9	-9	-9	-9	-9	-9	-9
EBRO 23-2	Brinzales	126	141	246	216	251	356	93	101	97	183	142	161	224	239	119	304
EBRO 23-2	Brinzales	132	146	248	218	262	-9	101	-9	99	184	-9	163	226	247	122	306
EBRO 23-2	Brinzales	166	148	-9	222	268	-9	105	-9	101	192	-9	167	230	249	133	308
EBRO 23-2	Brinzales	-9	-9	-9	-9	272	-9	113	-9	-9	-9	-9	173	-9	-9	148	-9
EBRO 23-3	Brinzales	132	148	248	216	251	356	93	101	97	173	142	155	218	239	119	302
EBRO 23-3	Brinzales	134	155	250	218	262	358	101	116	99	183	-9	161	226	255	148	304
EBRO 23-3	Brinzales	-9	-9	-9	-9	266	-9	-9	-9	101	196	-9	163	228	-9	-9	306
EBRO 23-3	Brinzales	-9	-9	-9	-9	-9	-9	-9	-9	-9	-9	-9	-9	-9	-9	-9	-9
EBRO 23-4	Brinzales	132	141	244	218	262	356	93	101	97	183	142	161	218	239	119	304
EBRO 23-4	Brinzales	142	148	246	222	266	358	101	105	99	186	-9	169	224	249	148	306
EBRO 23-4	Brinzales	164	-9	248	-9	-9	-9	-9	-9	101	-9	-9	-9	238	255	-9	-9
EBRO 23-4	Brinzales	-9	-9	-9	-9	-9	-9	-9	-9	-9	-9	-9	-9	-9	-9	-9	-9
EBRO 23-5	Brinzales	128	141	244	216	251	356	93	101	97	186	142	155	224	239	119	304
EBRO 23-5	Brinzales	132	148	246	218	266	-9	99	-9	99	192	-9	159	230	243	122	306
EBRO 23-5	Brinzales	-9	155	248	222	268	-9	101	-9	-9	196	-9	163	-9	249	148	318
EBRO 23-5	Brinzales	-9	-9	-9	-9	270	-9	105	-9	-9	-9	-9	-9	-9	-9	-9	320
EBRO 23-6	Brinzales	128	141	244	218	262	356	93	101	97	183	142	155	218	239	119	302
EBRO 23-6	Brinzales	132	148	246	222	266	-9	99	105	99	186	-9	159	224	249	-9	306
EBRO 23-6	Brinzales	164	-9	248	-9	268	-9	101	116	-9	192	-9	163	230	-9	-9	320
EBRO 23-6	Brinzales	-9	-9	-9	-9	270	-9	-9	-9	-9	-9	-9	-9	-9	-9	-9	-9
EBRO 23-7	Brinzales	132	141	244	218	262	356	93	101	99	183	142	159	218	239	119	302
EBRO 23-7	Brinzales	142	155	246	-9	266	358	101	105	101	186	-9	161	224	249	-9	304
EBRO 23-7	Brinzales	164	-9	248	-9	-9	-9	103	-9	-9	196	-9	-9	226	-9	-9	306
EBRO 23-7	Brinzales	-9	-9	-9	-9	-9	-9	-9	-9	-9	-9	-9	-9	-9	-9	-9	-9
EBRO 23-8	Brinzales	126	141	246	218	251	356	99	101	97	183	142	159	218	239	119	304
EBRO 23-8	Brinzales	130	146	248	222	262	358	101	105	99	186	-9	161	230	247	133	306
EBRO 23-8	Brinzales	164	148	-9	-9	272	-9	105	116	101	192	-9	163	234	249	148	308
EBRO 23-8	Brinzales	-9	155	-9	-9	-9	-9	-9	-9	-9	200	-9	167	-9	-9	-9	-9
EBRO 23-9	Brinzales	142	141	244	218	251	356	93	101	99	183	142	159	224	239	119	304
EBRO 23-9	Brinzales	164	155	248	222	262	358	101	116	101	186	-9	161	230	249	148	306
EBRO 23-9	Brinzales	-9	-9	250	-9	266	-9	-9	-9	-9	196	-9	-9	238	255	-9	-9
EBRO 23-9	Brinzales	-9	-9	-9	-9	-9	-9	-9	-9	-9	-9	-9	-9	-9	-9	-9	-9
EBRO 23-10	Brinzales	132	141	242	218	251	356	93	101	99	183	142	161	218	239	119	302
EBRO 23-10	Brinzales	144	155	244	222	266	358	101	116	101	186	-9	163	226	249	136	306
EBRO 23-10	Brinzales	-9	169	248	-9	-9	-9	103	-9	-9	-9	-9	-9	232	-9	-9	308
EBRO 23-10	Brinzales	-9	-9	-9	-9	-9	-9	-9	-9	-9	-9	-9	-9	-9	-9	-9	-9
EBRO 23-11	Brinzales	132	148	242	216	251	356	93	101	97	183	142	161	218	239	119	304
EBRO 23-11	Brinzales	134	159	248	218	262	358	101	105	107	184	-9	163	222	255	148	306
EBRO 23-11	Brinzales	164	-9	-9	-9	266	-9	103	-9	-9	-9	-9	-9	224	-9	-9	-9
EBRO 23-11	Brinzales	-9	-9	-9	-9	-9	-9	-9	-9	-9	-9	-9	-9	-9	-9	-9	-9
EBRO 23-12	Brinzales	130	141	244	216	262	356	93	101	97	183	142	161	224	239	119	302
EBRO 23-12	Brinzales	132	148	246	218	266	-9	101	-9	99	186	-9	163	230	243	122	304
EBRO 23-12	Brinzales	164	155	248	-9	270	-9	105	-9	-9	192	-9	-9	-9	249	148	306
EBRO 23-12	Brinzales	-9	-9	-9	-9	-9	-9	-9	-9	-9	-9	-9	-9	-9	-9	-9	318
EBRO 23-13	Brinzales	130	141	244	216	251	356	93	101	97	183	142	159	224	239	119	304
EBRO 23-13	Brinzales	132	148	246	218	262	358	101	103	99	186	-9	163	230	249	-9	306
EBRO 23-13	Brinzales	135	-9	248	222	266	-9	103	105	101	196	-9	-9	-9	255	-9	-9
EBRO 23-13	Brinzales	-9	-9	-9	-9	-9	-9	-9	-9	-9	-9	-9	-9	-9	-9	-9	-9
EBRO 23-14	Brinzales	126	141	244	218	251	356	93	101	97	177	142	159	218	239	119	302
EBRO 23-14	Brinzales	132	148	248	222	266	-9	99	103	99	183	-9	163	226	243	133	304
EBRO 23-14	Brinzales	-9	-9	-9	-9	270	-9	109	116	-9	192	-9	-9	230	-9	-9	306
EBRO 23-14	Brinzales	-9	-9	-9	-9	-9	-9	-9	-9	-9	196	-9	-9	-9	-9	-9	-9
EBRO 23-15	Brinzales	128	141	244	218	262	356	93	101	97	183	142	155	224	239	119	302
EBRO 23-15	Brinzales	132	148	246	222	266	-9	99	105	99	186	-9	159	226	249	122	306
EBRO 23-15	Brinzales	-9	155	248	-9	270	-9	101	-9	-9	192	-9	161	230	-9	148	320
EBRO 23-15	Brinzales	-9	-9	-9	-9	-9	-9	105	-9	-9	196	-9	-9	-9	-9	-9	-9
EBRO 23-16	Brinzales	132	141	244	216	251	356	93	101	97	183	142	159	218	239	116	304
EBRO 23-16	Brinzales	144	148	248	218	266	358	101	105	99	196	-9	161	224	249	119	306
EBRO 23-16	Brinzales	164	153	250	-9	-9	-9	-9	116	101	198	-9	-9	-9	255	-9	-9
EBRO 23-16	Brinzales	-9	-9	-9	-9	-9	-9	-9	-9	-9	-9	-9	-9	-9	-9	-9	-9
EBRO 23-17	Brinzales	130	148	242	218	251	356	93	101	97	183	142	155	224	239	108	304
EBRO 23-17	Brinzales	132	155	244	222	266	-9	101	105	99	186	-9	161	226	255	119	306
EBRO 23-17	Brinzales	135	-9	248	-9	-9	-9	103	116	101	196	-9	163	230	-9	-9	-9
EBRO 23-17	Brinzales	-9	-9	-9	-9	-9	-9	-9	-9	-9	-9	-9	-9	-9	-9	-9	-9
EBRO 23-18	Brinzales	130	141	246	216	251	356	93	101	97	183	142	159	218	239	119	302
EBRO 23-18	Brinzales	132	148	248	218	262	358	99	105	99	186	-9	161	224	247	122	304
EBRO 23-18	Brinzales	146	151	-9	-9	272	-9	101	-9	101	192	-9	167	230	249	148	306
EBRO 23-18	Brinzales	166	155	-9	-9	-9	-9	105	-9	-9	200	-9	-9	234	-9	-9	-9
EBRO 24-1	Brinzales	132	141	244	216	262	356	93	101	99	186	142	157	230	253	108	302
EBRO 24-1	Brinzales	135	151	246	218	268	360	99	-9	101	200	-9	161	234	255	119	304
EBRO 24-1	Brinzales	-9	-9	-9	-9	272	-9	105	-9	105	202	-9	177	238	-9	133	-9
EBRO 24-1	Brinzales	-9	-9	-9	-9	-9	-9	-9	-9	-9	-9	-9	-9	-9	-9	-9	-9
EBRO 24-2	Brinzales	126	141	244	218	262	356	93	101	97	177	142	155	214	239	119	306
EBRO 24-2	Brinzales	130	151	248	220	266	358	99	108	107	186	-9	163	224	243	122	308
EBRO 24-2	Brinzales	132	-9	-9	-9	268	-9	101	-9	109	190	-9	167	226	245	125	318
EBRO 24-2	Brinzales	-9	-9	-9	-9	286	-9	-9	-9	-9	192	-9	-9	228	-9	-9	-9
EBRO 24-4	Brinzales	126	141	244	218	266	356	93	101	99	175	142	155	214	239	119	302
EBRO 24-4	Brinzales	130	146	248	-9	268	-9	99	-9	107	179	-9	159	226	243	125	306
EBRO 24-4	Brinzales	132	-9	-9	-9	272	-9	109	-9	-9	198	-9	163	228	251	-9	318
EBRO 24-4	Brinzales	-9	-9	-9	-9	286	-9	111	-9	-9	-9	-9	-9	230	-9	-9	-9
EBRO 24-5	Brinzales	126	146	244	218	262	356	93	101	97	184	142	159	218	239	119	304
EBRO 24-5	Brinzales	132	148	248	-9	266	358	101	105	99	190	-9	161	224	251	122	306
EBRO 24-5	Brinzales	-9	155	-9	-9	270	-9	-9	-9	107	194	-9	163	228	-9	125	308
EBRO 24-5	Brinzales	-9	-9	-9	-9	286	-9	-9	-9	-9	-9	-9	175	230	-9	-9	318
EBRO 24-6	Brinzales	126	141	244	218	268	356	93	101	97	175	142	155	214	239	119	306
EBRO 24-6	Brinzales	130	155	248	-9	270	358	101	-9	99	184	-9	159	224	243	125	318
EBRO 24-6	Brinzales	132	-9	-9	-9	272	-9	111	-9	109	192	-9	167	230	-9	133	-9
EBRO 24-6	Brinzales	-9	-9	-9	-9	-9	-9	-9	-9	-9	198	-9	-9	-9	-9	-9	-9
EBRO 24-7	Brinzales	126	141	244	218	268	356	93	101	97	175	142	163	224	239	113	308
EBRO 24-7	Brinzales	132	146	248	-9	270	-9	101	103	99	190	-9	167	228	251	119	318
EBRO 24-7	Brinzales	-9	155	256	-9	272	-9	-9	-9	107	194	-9	-9	230	-9	122	-9
EBRO 24-7	Brinzales	-9	-9	-9	-9	286	-9	-9	-9	-9	198	-9	-9	234	-9	136	-9
EBRO 24-8	Brinzales	126	141	244	218	266	356	93	101	97	175	142	159	214	239	119	306
EBRO 24-8	Brinzales	132	146	248	-9	268	-9	101	103	107	184	-9	163	228	243	122	308
EBRO 24-8	Brinzales	-9	151	-9	-9	270	-9	-9	108	-9	198	-9	175	230	245	133	318
EBRO 24-8	Brinzales	-9	155	-9	-9	-9	-9	-9	-9	-9	-9	-9	-9	-9	251	-9	-9
EBRO 24-9	Brinzales	126	141	244	218	251	356	93	101	101	-9	142	159	218	239	119	304
EBRO 24-9	Brinzales	132	146	248	-9	262	358	-9	-9	107	-9	-9	161	226	249	122	306
EBRO 24-9	Brinzales	-9	148	-9	-9	266	-9	-9	-9	-9	-9	-9	163	228	251	148	318
EBRO 24-9	Brinzales	-9	155	-9	-9	268	-9	-9	-9	-9	-9	-9	175	230	-9	-9	-9
EBRO 24-10	Brinzales	126	141	244	218	268	356	93	101	97	179	142	155	224	239	119	302
EBRO 24-10	Brinzales	132	-9	248	-9	270	358	101	-9	99	184	-9	163	228	243	122	308
EBRO 24-10	Brinzales	166	-9	-9	-9	-9	-9	105	-9	107	192	-9	167	230	249	125	318
EBRO 24-10	Brinzales	-9	-9	-9	-9	-9	-9	-9	-9	109	198	-9	-9	-9	-9	-9	-9
EBRO 24-11	Brinzales	126	141	244	218	262	356	93	101	97	179	142	159	218	239	119	304
EBRO 24-11	Brinzales	132	148	248	-9	266	358	101	-9	101	181	-9	161	224	249	122	306
EBRO 24-11	Brinzales	-9	155	-9	-9	270	-9	-9	-9	109	184	-9	163	230	-9	-9	318
EBRO 24-11	Brinzales	-9	-9	-9	-9	286	-9	-9	-9	-9	198	-9	-9	-9	-9	-9	-9
EBRO 24-12	Brinzales	126	141	244	218	262	356	93	101	97	175	142	155	226	239	119	302
EBRO 24-12	Brinzales	132	151	248	-9	266	358	101	108	99	186	-9	159	230	245	125	306
EBRO 24-12	Brinzales	-9	155	-9	-9	270	-9	109	-9	109	188	-9	163	-9	-9	133	308
EBRO 24-12	Brinzales	-9	-9	-9	-9	272	-9	-9	-9	-9	-9	-9	167	-9	-9	-9	318
EBRO 24-13	Brinzales	126	141	244	218	262	356	93	101	97	181	142	159	218	239	119	302
EBRO 24-13	Brinzales	132	146	248	222	266	-9	101	-9	101	184	-9	161	224	249	125	306
EBRO 24-13	Brinzales	164	148	-9	-9	268	-9	-9	-9	107	188	-9	163	226	251	148	308
EBRO 24-13	Brinzales	-9	-9	-9	-9	-9	-9	-9	-9	109	-9	-9	-9	228	-9	-9	318
EBRO 24-14	Brinzales	126	146	244	218	262	356	93	101	97	179	142	159	224	239	119	302
EBRO 24-14	Brinzales	132	148	248	-9	266	358	101	-9	107	181	-9	161	226	251	125	304
EBRO 24-14	Brinzales	164	155	-9	-9	268	-9	-9	-9	-9	194	-9	175	228	-9	-9	308
EBRO 24-14	Brinzales	-9	-9	-9	-9	286	-9	-9	-9	-9	-9	-9	-9	230	-9	-9	318
EBRO 24-15	Brinzales	132	141	244	218	251	356	93	101	97	179	142	159	224	239	119	304
EBRO 24-15	Brinzales	164	146	248	-9	262	-9	101	105	101	181	-9	161	226	249	125	306
EBRO 24-15	Brinzales	-9	148	-9	-9	266	-9	-9	116	107	184	-9	163	230	251	148	318
EBRO 24-15	Brinzales	-9	-9	-9	-9	270	-9	-9	-9	-9	-9	-9	-9	-9	-9	-9	-9
EBRO 24-16	Brinzales	126	146	244	218	251	356	93	101	97	179	142	159	218	239	119	304
EBRO 24-16	Brinzales	132	148	248	222	266	-9	101	-9	99	181	-9	163	224	251	122	306
EBRO 24-16	Brinzales	164	155	-9	-9	268	-9	-9	-9	107	184	-9	167	228	-9	-9	318
EBRO 24-16	Brinzales	-9	-9	-9	-9	270	-9	-9	-9	-9	188	-9	175	230	-9	-9	-9
EBRO 24-17	Brinzales	126	141	246	218	262	356	93	101	99	186	142	159	224	239	119	302
EBRO 24-17	Brinzales	-9	155	248	-9	270	-9	99	-9	109	188	-9	161	228	249	125	306
EBRO 24-17	Brinzales	-9	-9	-9	-9	-9	-9	101	-9	-9	-9	-9	163	230	-9	-9	318
EBRO 24-17	Brinzales	-9	-9	-9	-9	-9	-9	105	-9	-9	-9	-9	-9	-9	-9	-9	320
EBRO 24-18	Brinzales	126	141	244	218	266	356	93	101	97	175	142	155	214	239	119	306
EBRO 24-18	Brinzales	132	151	248	-9	270	-9	99	108	99	186	-9	159	224	243	122	308
EBRO 24-18	Brinzales	-9	155	-9	-9	-9	-9	101	-9	109	-9	-9	175	230	245	125	318
EBRO 24-18	Brinzales	-9	-9	-9	-9	-9	-9	109	-9	-9	-9	-9	-9	-9	-9	133	-9
EBRO 25-1	Brinzales	126	141	244	218	266	356	93	101	99	175	142	155	224	239	113	302
EBRO 25-1	Brinzales	132	155	248	-9	268	-9	103	103	-9	-9	-9	159	226	243	119	306
EBRO 25-1	Brinzales	-9	-9	256	-9	270	-9	111	108	-9	-9	-9	163	234	-9	136	308
EBRO 25-1	Brinzales	-9	-9	-9	-9	272	-9	-9	-9	-9	-9	-9	-9	-9	-9	-9	318
EBRO 25-2	Brinzales	126	141	244	218	251	356	93	101	97	175	142	155	224	239	113	304
EBRO 25-2	Brinzales	132	151	246	-9	262	358	103	103	99	194	-9	163	228	245	119	306
EBRO 25-2	Brinzales	144	153	250	-9	268	-9	-9	-9	-9	198	-9	-9	234	255	136	318
EBRO 25-2	Brinzales	-9	-9	-9	-9	-9	-9	-9	-9	-9	-9	-9	-9	-9	-9	-9	-9
EBRO 25-3	Brinzales	126	141	244	218	266	356	99	101	97	175	142	159	214	239	113	302
EBRO 25-3	Brinzales	130	155	248	-9	272	-9	101	103	99	192	-9	163	224	243	119	306
EBRO 25-3	Brinzales	-9	-9	256	-9	-9	-9	111	108	107	194	-9	-9	226	-9	125	318
EBRO 25-3	Brinzales	-9	-9	-9	-9	-9	-9	-9	-9	-9	-9	-9	-9	234	-9	-9	-9
EBRO 25-4	Brinzales	128	141	248	218	262	356	93	101	97	183	142	159	224	239	113	302
EBRO 25-4	Brinzales	132	151	256	220	266	358	99	-9	99	194	-9	167	232	265	119	306
EBRO 25-4	Brinzales	-9	155	-9	-9	268	-9	-9	-9	-9	196	-9	-9	242	-9	125	308
EBRO 25-4	Brinzales	-9	-9	-9	-9	272	-9	-9	-9	-9	-9	-9	-9	-9	-9	136	-9
EBRO 25-5	Brinzales	126	141	244	218	262	356	93	101	97	179	142	157	224	239	108	302
EBRO 25-5	Brinzales	132	155	248	-9	268	358	99	-9	99	194	-9	159	228	245	113	304
EBRO 25-5	Brinzales	134	159	-9	-9	270	-9	103	-9	-9	-9	-9	163	232	255	125	318
EBRO 25-5	Brinzales	-9	-9	-9	-9	-9	-9	-9	-9	-9	-9	-9	-9	-9	-9	-9	-9
EBRO 25-6	Brinzales	126	141	244	218	251	356	93	101	97	175	142	159	224	239	113	304
EBRO 25-6	Brinzales	132	151	248	-9	266	360	103	-9	99	194	-9	163	234	245	125	306
EBRO 25-6	Brinzales	134	-9	256	-9	272	-9	-9	-9	-9	-9	-9	-9	-9	253	136	318
EBRO 25-6	Brinzales	-9	-9	-9	-9	-9	-9	-9	-9	-9	-9	-9	-9	-9	-9	-9	-9
EBRO 25-7	Brinzales	126	141	246	218	266	356	93	101	97	175	142	159	224	239	116	302
EBRO 25-7	Brinzales	132	155	250	-9	272	358	99	-9	101	194	-9	161	232	245	125	304
EBRO 25-7	Brinzales	134	-9	256	-9	-9	-9	103	-9	-9	-9	-9	163	-9	255	136	318
EBRO 25-7	Brinzales	-9	-9	-9	-9	-9	-9	-9	-9	-9	-9	-9	-9	-9	-9	-9	-9
EBRO 25-8	Brinzales	126	141	244	218	268	356	93	101	97	179	142	157	228	239	125	304
EBRO 25-8	Brinzales	134	155	246	-9	270	358	99	103	99	194	-9	163	232	255	136	306
EBRO 25-8	Brinzales	-9	159	256	-9	272	-9	103	-9	-9	-9	-9	-9	234	-9	-9	318
EBRO 25-8	Brinzales	-9	-9	-9	-9	-9	-9	-9	-9	-9	-9	-9	-9	-9	-9	-9	-9
EBRO 25-9	Brinzales	126	141	246	218	251	356	93	101	97	175	142	159	220	239	113	302
EBRO 25-9	Brinzales	128	155	250	-9	262	358	99	103	99	184	-9	161	224	255	119	306
EBRO 25-9	Brinzales	132	-9	256	-9	272	-9	103	-9	101	194	-9	163	232	-9	-9	318
EBRO 25-9	Brinzales	-9	-9	-9	-9	-9	-9	-9	-9	-9	-9	-9	-9	-9	-9	-9	-9
EBRO 25-10	Brinzales	132	141	246	218	257	356	99	101	97	194	142	161	228	239	108	304
EBRO 25-10	Brinzales	135	151	250	-9	262	358	103	103	99	-9	-9	163	232	245	125	306
EBRO 25-10	Brinzales	-9	-9	256	-9	272	-9	105	-9	-9	-9	-9	-9	234	255	136	318
EBRO 25-10	Brinzales	-9	-9	-9	-9	-9	-9	-9	-9	-9	-9	-9	-9	-9	-9	-9	-9
EBRO 25-11	Brinzales	126	141	244	218	266	356	99	101	97	175	142	159	224	239	113	306
EBRO 25-11	Brinzales	130	151	248	-9	268	-9	101	103	99	179	-9	163	226	245	119	318
EBRO 25-11	Brinzales	132	-9	256	-9	272	-9	-9	108	-9	194	-9	-9	230	-9	125	-9
EBRO 25-11	Brinzales	-9	-9	-9	-9	-9	-9	-9	-9	-9	-9	-9	-9	-9	-9	133	-9
EBRO 25-12	Brinzales	126	141	244	218	266	356	99	101	97	175	142	159	214	239	113	306
EBRO 25-12	Brinzales	130	151	248	-9	268	-9	103	103	99	179	-9	163	224	245	119	308
EBRO 25-12	Brinzales	132	155	-9	-9	272	-9	109	-9	-9	192	-9	-9	230	-9	133	318
EBRO 25-12	Brinzales	-9	-9	-9	-9	-9	-9	111	-9	-9	194	-9	-9	232	-9	-9	-9
EBRO 25-13	Brinzales	126	141	248	218	251	356	93	101	97	175	142	163	224	239	113	304
EBRO 25-13	Brinzales	132	155	250	-9	266	358	99	-9	101	184	-9	-9	228	245	119	318
EBRO 25-13	Brinzales	135	-9	256	-9	268	-9	103	-9	-9	194	-9	-9	232	255	136	-9
EBRO 25-13	Brinzales	-9	-9	-9	-9	-9	-9	-9	-9	-9	-9	-9	-9	-9	-9	-9	-9
EBRO 25-14	Brinzales	132	141	244	218	262	356	93	101	97	175	142	155	224	239	113	302
EBRO 25-14	Brinzales	134	151	246	-9	266	358	99	103	101	194	-9	159	228	245	116	304
EBRO 25-14	Brinzales	-9	155	250	-9	268	-9	-9	-9	-9	-9	-9	163	-9	255	125	318
EBRO 25-14	Brinzales	-9	-9	-9	-9	-9	-9	-9	-9	-9	-9	-9	-9	-9	-9	-9	-9
EBRO 25-15	Brinzales	126	141	244	218	266	356	93	101	97	175	142	155	214	239	113	302
EBRO 25-15	Brinzales	132	151	248	-9	268	-9	103	103	107	192	-9	159	224	243	119	306
EBRO 25-15	Brinzales	-9	-9	-9	-9	270	-9	109	108	-9	194	-9	163	226	245	133	-9
EBRO 25-15	Brinzales	-9	-9	-9	-9	272	-9	111	-9	-9	-9	-9	-9	234	-9	136	-9
EBRO 25-16	Brinzales	126	141	244	218	251	356	99	101	97	175	142	159	224	239	113	302
EBRO 25-16	Brinzales	132	151	248	-9	266	-9	103	103	99	194	-9	163	228	255	119	304
EBRO 25-16	Brinzales	144	155	-9	-9	268	-9	-9	-9	107	-9	-9	-9	232	-9	-9	318
EBRO 25-16	Brinzales	-9	-9	-9	-9	-9	-9	-9	-9	-9	-9	-9	-9	-9	-9	-9	-9
EBRO 25-17	Brinzales	126	141	244	218	266	356	93	101	97	175	142	159	214	239	113	302
EBRO 25-17	Brinzales	130	151	248	-9	272	-9	101	103	99	194	-9	163	224	243	119	306
EBRO 25-17	Brinzales	132	155	256	-9	-9	-9	103	-9	107	-9	-9	-9	230	245	125	318
EBRO 25-17	Brinzales	-9	-9	-9	-9	-9	-9	111	-9	-9	-9	-9	-9	234	-9	-9	-9
EBRO 25-18	Brinzales	126	141	244	218	262	356	93	101	99	175	142	155	214	239	113	306
EBRO 25-18	Brinzales	130	-9	246	-9	266	-9	99	103	-9	179	-9	159	224	243	119	308
EBRO 25-18	Brinzales	132	-9	248	-9	270	-9	101	108	-9	-9	-9	163	226	-9	125	318
EBRO 25-18	Brinzales	-9	-9	-9	-9	-9	-9	-9	-9	-9	-9	-9	-9	232	-9	133	-9
EBRO 28-1 	Brinzales	132	144	248	216	251	358	99	101	99	181	142	161	224	239	110	302
EBRO 28-1 	Brinzales	144	155	-9	220	264	-9	107	108	103	190	-9	163	232	253	119	304
EBRO 28-1 	Brinzales	-9	157	-9	-9	272	-9	-9	116	-9	194	-9	-9	234	257	122	-9
EBRO 28-1 	Brinzales	-9	-9	-9	-9	-9	-9	-9	-9	-9	-9	-9	-9	-9	-9	-9	-9
EBRO 28-2	Brinzales	132	144	246	216	262	356	93	101	97	179	142	161	220	239	119	302
EBRO 28-2	Brinzales	134	151	248	218	264	358	99	-9	99	181	-9	-9	226	257	122	304
EBRO 28-2	Brinzales	-9	155	250	-9	268	-9	101	-9	101	190	-9	-9	230	-9	125	316
EBRO 28-2	Brinzales	-9	-9	-9	-9	-9	-9	-9	-9	-9	-9	-9	-9	-9	-9	-9	-9
EBRO 28-3	Brinzales	128	141	248	216	264	356	99	101	99	181	142	161	228	239	110	302
EBRO 28-3	Brinzales	132	144	250	220	272	358	103	-9	101	190	-9	163	230	255	119	304
EBRO 28-3	Brinzales	-9	-9	-9	222	-9	-9	107	-9	103	194	-9	-9	232	-9	-9	-9
EBRO 28-3	Brinzales	-9	-9	-9	-9	-9	-9	-9	-9	-9	-9	-9	-9	-9	-9	-9	-9
EBRO 28-4	Brinzales	132	141	242	218	264	356	99	101	99	173	142	161	224	239	119	302
EBRO 28-4	Brinzales	144	144	248	220	266	358	103	-9	103	181	-9	163	226	255	122	304
EBRO 28-4	Brinzales	-9	-9	-9	-9	272	-9	107	-9	107	-9	-9	-9	232	-9	125	-9
EBRO 28-4	Brinzales	-9	-9	-9	-9	-9	-9	-9	-9	-9	-9	-9	-9	-9	-9	-9	-9
EBRO 28-5	Brinzales	126	144	248	216	251	358	93	101	97	181	142	161	222	239	110	302
EBRO 28-5	Brinzales	132	148	250	218	266	-9	99	-9	99	190	-9	163	226	255	119	304
EBRO 28-5	Brinzales	134	155	-9	220	272	-9	103	-9	101	194	-9	-9	230	257	125	306
EBRO 28-5	Brinzales	-9	-9	-9	-9	-9	-9	-9	-9	-9	-9	-9	-9	-9	-9	-9	-9
EBRO 28-6	Brinzales	126	141	248	216	264	358	93	101	99	173	142	161	220	239	108	302
EBRO 28-6	Brinzales	135	144	250	218	266	-9	103	-9	101	175	-9	163	226	257	110	304
EBRO 28-6	Brinzales	-9	151	-9	220	-9	-9	-9	-9	103	181	-9	-9	230	-9	122	306
EBRO 28-6	Brinzales	-9	-9	-9	-9	-9	-9	-9	-9	-9	-9	-9	-9	-9	-9	-9	-9
EBRO 28-7	Brinzales	126	141	248	218	264	356	93	101	97	173	142	161	224	239	110	302
EBRO 28-7	Brinzales	134	151	252	-9	272	358	103	116	101	190	-9	-9	230	257	119	304
EBRO 28-7	Brinzales	-9	155	-9	-9	-9	-9	107	-9	103	194	-9	-9	-9	-9	122	306
EBRO 28-7	Brinzales	-9	-9	-9	-9	-9	-9	-9	-9	-9	-9	-9	-9	-9	-9	-9	-9
EBRO 28-8	Brinzales	126	141	246	218	262	358	93	101	99	173	142	161	224	239	119	302
EBRO 28-8	Brinzales	134	151	248	220	266	360	99	-9	101	179	-9	169	226	257	122	304
EBRO 28-8	Brinzales	-9	155	250	-9	268	-9	-9	-9	103	181	-9	-9	230	-9	125	316
EBRO 28-8	Brinzales	-9	-9	-9	-9	-9	-9	-9	-9	-9	-9	-9	-9	-9	-9	-9	-9
EBRO 28-9	Brinzales	130	144	246	216	251	356	93	101	97	179	142	161	224	239	119	302
EBRO 28-9	Brinzales	134	151	248	220	264	358	99	116	99	181	-9	-9	230	257	122	304
EBRO 28-9	Brinzales	-9	155	-9	-9	266	-9	-9	-9	101	-9	-9	-9	-9	-9	125	306
EBRO 28-9	Brinzales	-9	-9	-9	-9	-9	-9	-9	-9	-9	-9	-9	-9	-9	-9	-9	-9
EBRO 28-10	Brinzales	126	144	246	216	251	356	99	101	97	173	142	161	224	239	110	304
EBRO 28-10	Brinzales	128	155	248	218	262	358	105	116	99	181	-9	163	226	247	122	306
EBRO 28-10	Brinzales	135	-9	-9	220	266	-9	-9	-9	101	194	-9	-9	228	257	125	316
EBRO 28-10	Brinzales	-9	-9	-9	-9	-9	-9	-9	-9	-9	-9	-9	-9	-9	-9	-9	-9
EBRO 28-11	Brinzales	128	141	246	216	262	356	93	101	99	173	142	161	224	239	119	302
EBRO 28-11	Brinzales	144	144	248	218	266	358	99	-9	101	179	-9	163	226	257	122	304
EBRO 28-11	Brinzales	-9	151	-9	220	268	-9	-9	-9	103	190	-9	-9	-9	-9	-9	306
EBRO 28-11	Brinzales	-9	-9	-9	-9	-9	-9	-9	-9	-9	-9	-9	-9	-9	-9	-9	-9
EBRO 28-12	Brinzales	126	141	244	216	262	356	93	101	97	175	142	161	226	239	110	302
EBRO 28-12	Brinzales	130	155	246	218	264	358	99	108	99	181	-9	163	230	243	119	306
EBRO 28-12	Brinzales	132	-9	248	220	266	-9	101	116	103	190	-9	-9	232	257	-9	308
EBRO 28-12	Brinzales	-9	-9	-9	-9	268	-9	107	-9	-9	-9	-9	-9	-9	-9	-9	-9
EBRO 28-13	Brinzales	128	144	248	216	264	356	93	101	99	179	142	157	230	239	119	302
EBRO 28-13	Brinzales	132	155	-9	218	266	358	103	116	-9	181	-9	161	232	255	125	304
EBRO 28-13	Brinzales	134	159	-9	220	270	-9	107	-9	-9	190	-9	-9	-9	-9	-9	306
EBRO 28-13	Brinzales	-9	-9	-9	-9	-9	-9	-9	-9	-9	-9	-9	-9	-9	-9	-9	-9
EBRO 28-14	Brinzales	132	144	246	216	262	358	93	101	99	173	142	161	224	239	119	302
EBRO 28-14	Brinzales	144	151	248	218	266	360	107	116	101	179	-9	163	230	257	122	304
EBRO 28-14	Brinzales	-9	155	250	-9	268	-9	-9	-9	-9	183	-9	-9	-9	-9	125	-9
EBRO 28-14	Brinzales	-9	-9	-9	-9	-9	-9	-9	-9	-9	-9	-9	-9	-9	-9	-9	-9
EBRO 28-15	Brinzales	126	141	244	218	264	356	93	101	99	173	142	159	214	239	119	302
EBRO 28-15	Brinzales	132	144	248	-9	266	358	99	108	107	179	-9	161	226	243	122	306
EBRO 28-15	Brinzales	-9	155	-9	-9	272	-9	111	116	-9	190	-9	163	230	-9	125	308
EBRO 28-15	Brinzales	-9	-9	-9	-9	-9	-9	-9	-9	-9	-9	-9	-9	232	-9	133	-9
EBRO 28-16	Brinzales	-9	141	244	218	251	356	93	101	97	-9	142	161	228	239	110	304
EBRO 28-16	Brinzales	-9	155	248	-9	264	358	99	116	103	-9	-9	163	230	255	119	306
EBRO 28-16	Brinzales	-9	163	-9	-9	272	-9	103	-9	107	-9	-9	-9	232	257	125	316
EBRO 28-16	Brinzales	-9	-9	-9	-9	-9	-9	-9	-9	-9	-9	-9	-9	-9	-9	-9	-9
EBRO 28-17	Brinzales	126	141	248	216	251	358	99	101	97	181	142	161	226	239	110	302
EBRO 28-17	Brinzales	128	155	250	218	262	-9	103	103	103	190	-9	163	230	255	119	304
EBRO 28-17	Brinzales	134	159	-9	-9	266	-9	107	116	107	194	-9	-9	232	257	-9	-9
EBRO 28-17	Brinzales	-9	-9	-9	-9	-9	-9	-9	-9	-9	-9	-9	-9	-9	-9	-9	-9
EBRO 28-18	Brinzales	132	141	246	216	262	358	93	101	97	173	142	161	226	239	119	302
EBRO 28-18	Brinzales	-9	144	248	218	264	-9	99	116	99	181	-9	-9	230	257	122	316
EBRO 28-18	Brinzales	-9	155	-9	220	266	-9	107	-9	103	190	-9	-9	-9	-9	125	-9
EBRO 28-18	Brinzales	-9	-9	-9	-9	272	-9	-9	-9	-9	-9	-9	-9	-9	-9	-9	-9
EBRO 30-1	Brinzales	135	141	248	218	255	360	103	101	99	184	142	161	224	247	119	304
EBRO 30-1	Brinzales	146	-9	252	222	274	-9	-9	-9	107	186	-9	-9	-9	255	-9	308
EBRO 30-1	Brinzales	-9	-9	-9	-9	-9	-9	-9	-9	-9	-9	-9	-9	-9	-9	-9	-9
EBRO 30-1	Brinzales	-9	-9	-9	-9	-9	-9	-9	-9	-9	-9	-9	-9	-9	-9	-9	-9
EBRO 30-2	Brinzales	135	151	250	218	264	356	93	101	99	196	142	159	220	255	119	304
EBRO 30-2	Brinzales	144	-9	252	222	274	-9	103	108	101	-9	-9	161	238	257	-9	-9
EBRO 30-2	Brinzales	-9	-9	-9	-9	-9	-9	-9	-9	-9	-9	-9	-9	-9	-9	-9	-9
EBRO 30-2	Brinzales	-9	-9	-9	-9	-9	-9	-9	-9	-9	-9	-9	-9	-9	-9	-9	-9
EBRO 30-3	Brinzales	135	155	250	218	268	356	103	101	99	196	142	161	224	255	119	304
EBRO 30-3	Brinzales	146	-9	252	222	274	360	-9	108	101	-9	-9	-9	232	257	-9	-9
EBRO 30-3	Brinzales	-9	-9	-9	-9	-9	-9	-9	-9	-9	-9	-9	-9	-9	-9	-9	-9
EBRO 30-3	Brinzales	-9	-9	-9	-9	-9	-9	-9	-9	-9	-9	-9	-9	-9	-9	-9	-9
EBRO 30-4	Brinzales	134	141	250	218	251	360	103	101	99	184	142	161	224	247	119	304
EBRO 30-4	Brinzales	135	-9	252	222	274	-9	-9	108	107	198	-9	-9	228	255	-9	-9
EBRO 30-4	Brinzales	-9	-9	-9	-9	-9	-9	-9	-9	-9	-9	-9	-9	-9	-9	-9	-9
EBRO 30-4	Brinzales	-9	-9	-9	-9	-9	-9	-9	-9	-9	-9	-9	-9	-9	-9	-9	-9
09-AS-09-1	Brinzales	134	151	250	216	251	358	103	101	99	181	142	161	228	249	108	304
09-AS-09-1	Brinzales	135	159	-9	218	268	-9	-9	-9	101	-9	-9	-9	-9	255	110	306
09-AS-09-1	Brinzales	-9	-9	-9	-9	-9	-9	-9	-9	-9	-9	-9	-9	-9	-9	-9	-9
09-AS-09-1	Brinzales	-9	-9	-9	-9	-9	-9	-9	-9	-9	-9	-9	-9	-9	-9	-9	-9
09-AS-09-2	Brinzales	134	151	250	216	268	358	93	101	99	181	142	161	224	249	108	304
09-AS-09-2	Brinzales	135	159	-9	218	-9	-9	103	-9	101	184	-9	-9	-9	255	110	306
09-AS-09-2	Brinzales	-9	-9	-9	-9	-9	-9	-9	-9	-9	-9	-9	-9	-9	-9	-9	-9
09-AS-09-2	Brinzales	-9	-9	-9	-9	-9	-9	-9	-9	-9	-9	-9	-9	-9	-9	-9	-9
09-AS-09-3	Brinzales	135	151	250	216	251	358	103	101	99	181	142	161	224	249	108	304
09-AS-09-3	Brinzales	-9	159	-9	218	268	-9	-9	-9	101	-9	-9	-9	-9	-9	-9	306
09-AS-09-3	Brinzales	-9	-9	-9	-9	-9	-9	-9	-9	-9	-9	-9	-9	-9	-9	-9	-9
09-AS-09-3	Brinzales	-9	-9	-9	-9	-9	-9	-9	-9	-9	-9	-9	-9	-9	-9	-9	-9
09-AS-09-4	Brinzales	135	151	250	216	251	356	93	101	101	181	142	161	224	255	110	304
09-AS-09-4	Brinzales	-9	-9	-9	218	-9	358	103	-9	107	186	-9	-9	230	-9	119	306
09-AS-09-4	Brinzales	-9	-9	-9	-9	-9	-9	-9	-9	-9	-9	-9	-9	-9	-9	-9	-9
09-AS-09-4	Brinzales	-9	-9	-9	-9	-9	-9	-9	-9	-9	-9	-9	-9	-9	-9	-9	-9
09-AS-09-5	Brinzales	135	151	250	218	251	356	103	101	101	184	142	161	228	255	108	304
09-AS-09-5	Brinzales	-9	-9	256	-9	-9	358	-9	-9	107	186	-9	163	230	-9	119	-9
09-AS-09-5	Brinzales	-9	-9	-9	-9	-9	-9	-9	-9	-9	-9	-9	-9	-9	-9	-9	-9
09-AS-09-5	Brinzales	-9	-9	-9	-9	-9	-9	-9	-9	-9	-9	-9	-9	-9	-9	-9	-9
09-AS-09-6	Brinzales	134	151	246	216	251	358	103	101	101	175	142	161	224	249	108	304
09-AS-09-6	Brinzales	144	-9	250	218	272	-9	-9	-9	-9	181	-9	-9	-9	255	119	306
09-AS-09-6	Brinzales	-9	-9	-9	-9	-9	-9	-9	-9	-9	-9	-9	-9	-9	-9	-9	-9
09-AS-09-6	Brinzales	-9	-9	-9	-9	-9	-9	-9	-9	-9	-9	-9	-9	-9	-9	-9	-9
09-AS-09-7	Brinzales	132	141	244	216	266	358	99	101	97	181	142	161	224	239	108	302
09-AS-09-7	Brinzales	134	159	248	218	268	-9	103	103	99	184	-9	179	228	247	119	304
09-AS-09-7	Brinzales	135	-9	250	-9	272	-9	105	-9	105	200	-9	-9	230	249	122	306
09-AS-09-7	Brinzales	-9	-9	-9	-9	-9	-9	-9	-9	-9	-9	-9	-9	-9	-9	-9	-9
09-AS-09-8	Brinzales	132	141	246	218	251	356	93	101	97	184	142	159	224	239	108	302
09-AS-09-8	Brinzales	134	155	248	-9	272	358	-9	-9	99	190	-9	161	232	249	119	306
09-AS-09-8	Brinzales	166	159	250	-9	-9	-9	-9	-9	-9	192	-9	163	-9	251	-9	-9
09-AS-09-8	Brinzales	-9	-9	-9	-9	-9	-9	-9	-9	-9	-9	-9	-9	-9	-9	-9	-9
09-AS-09-9	Brinzales	135	151	250	216	251	358	93	101	99	181	142	161	228	249	108	304
09-AS-09-9	Brinzales	-9	159	-9	218	268	-9	-9	-9	101	184	-9	-9	-9	255	110	-9
09-AS-09-9	Brinzales	-9	-9	-9	-9	-9	-9	-9	-9	-9	-9	-9	-9	-9	-9	-9	-9
09-AS-09-9	Brinzales	-9	-9	-9	-9	-9	-9	-9	-9	-9	-9	-9	-9	-9	-9	-9	-9
09-AS-09-10	Brinzales	132	141	242	216	251	358	93	101	101	181	142	161	228	239	110	306
09-AS-09-10	Brinzales	134	146	248	218	272	-9	103	-9	105	184	-9	-9	232	249	119	-9
09-AS-09-10	Brinzales	135	159	250	-9	282	-9	105	-9	107	200	-9	-9	-9	251	136	-9
09-AS-09-10	Brinzales	-9	-9	-9	-9	-9	-9	-9	-9	-9	-9	-9	-9	-9	-9	-9	-9
09-AS-09-11	Brinzales	134	148	242	218	251	356	93	101	99	181	142	155	224	255	108	304
09-AS-09-11	Brinzales	135	151	250	-9	266	358	-9	-9	107	196	146	161	228	-9	110	306
09-AS-09-11	Brinzales	-9	-9	-9	-9	-9	-9	-9	-9	-9	-9	-9	-9	-9	-9	-9	-9
09-AS-09-11	Brinzales	-9	-9	-9	-9	-9	-9	-9	-9	-9	-9	-9	-9	-9	-9	-9	-9
09-AS-09-12	Brinzales	132	146	244	216	266	356	93	101	101	181	142	161	228	239	110	306
09-AS-09-12	Brinzales	134	155	248	218	268	358	105	103	107	183	-9	177	232	249	119	-9
09-AS-09-12	Brinzales	135	159	250	-9	272	-9	-9	-9	109	198	-9	-9	-9	251	122	-9
09-AS-09-12	Brinzales	-9	-9	-9	-9	-9	-9	-9	-9	-9	-9	-9	-9	-9	-9	-9	-9
09-AS-09-13	Brinzales	134	151	250	216	251	358	93	101	99	181	142	161	224	249	108	304
09-AS-09-13	Brinzales	-9	159	-9	-9	-9	-9	-9	-9	101	184	-9	-9	228	255	110	-9
09-AS-09-13	Brinzales	-9	-9	-9	-9	-9	-9	-9	-9	-9	-9	-9	-9	-9	-9	-9	-9
09-AS-09-13	Brinzales	-9	-9	-9	-9	-9	-9	-9	-9	-9	-9	-9	-9	-9	-9	-9	-9
09-AS-09-14	Brinzales	134	141	242	216	251	356	103	101	101	184	142	161	224	239	110	302
09-AS-09-14	Brinzales	-9	151	248	218	272	358	105	103	105	194	-9	177	232	255	119	304
09-AS-09-14	Brinzales	-9	155	250	-9	282	-9	-9	-9	109	-9	-9	-9	-9	-9	136	-9
09-AS-09-14	Brinzales	-9	-9	-9	-9	-9	-9	-9	-9	-9	-9	-9	-9	-9	-9	-9	-9
09-AS-09-15	Brinzales	128	146	250	216	268	356	93	101	97	177	142	161	224	239	108	302
09-AS-09-15	Brinzales	135	148	256	218	272	358	103	105	99	181	-9	163	228	251	113	304
09-AS-09-15	Brinzales	-9	151	-9	222	-9	-9	-9	-9	101	186	-9	-9	238	255	148	306
09-AS-09-15	Brinzales	-9	-9	-9	-9	-9	-9	-9	-9	-9	-9	-9	-9	-9	-9	-9	-9
09-AS-09-16	Brinzales	132	148	246	218	268	356	93	101	97	184	142	159	228	239	110	302
09-AS-09-16	Brinzales	134	155	248	-9	282	358	99	-9	99	186	-9	161	230	249	113	304
09-AS-09-16	Brinzales	166	159	250	-9	-9	-9	103	-9	109	194	-9	163	238	251	122	306
09-AS-09-16	Brinzales	-9	-9	-9	-9	-9	-9	-9	-9	-9	-9	-9	-9	-9	-9	-9	-9
09-AS-09-17	Brinzales	126	146	246	218	268	356	93	101	99	184	142	159	228	239	108	304
09-AS-09-17	Brinzales	128	151	248	-9	272	358	101	-9	101	186	-9	161	230	251	119	318
09-AS-09-17	Brinzales	134	155	250	-9	-9	-9	109	-9	109	192	-9	163	232	255	122	-9
09-AS-09-17	Brinzales	-9	-9	-9	-9	-9	-9	-9	-9	-9	-9	-9	-9	-9	-9	-9	-9
09-AS-09-18	Brinzales	132	146	242	216	251	356	93	101	99	181	142	161	224	239	108	302
09-AS-09-18	Brinzales	134	151	244	218	262	358	105	103	107	194	-9	177	230	251	119	306
09-AS-09-18	Brinzales	135	155	250	-9	282	-9	-9	-9	109	200	-9	-9	232	255	122	-9
09-AS-09-18	Brinzales	-9	-9	-9	-9	-9	-9	-9	-9	-9	-9	-9	-9	-9	-9	-9	-9
09-AS-08-1	Brinzales	132	141	246	216	251	356	93	101	97	186	142	163	224	239	113	304
09-AS-08-1	Brinzales	135	148	248	218	268	358	99	-9	107	-9	146	167	238	-9	119	306
09-AS-08-1	Brinzales	-9	159	254	-9	272	-9	109	-9	109	-9	-9	-9	-9	-9	136	-9
09-AS-08-1	Brinzales	-9	-9	-9	-9	-9	-9	-9	-9	-9	-9	-9	-9	-9	-9	-9	-9
09-AS-08-2	Brinzales	132	148	246	216	268	-9	99	101	97	183	142	159	224	239	110	302
09-AS-08-2	Brinzales	134	151	248	218	282	-9	103	-9	101	186	-9	161	228	251	113	304
09-AS-08-2	Brinzales	166	155	250	-9	-9	-9	109	-9	-9	192	-9	167	232	255	119	308
09-AS-08-2	Brinzales	-9	-9	-9	-9	-9	-9	-9	-9	-9	-9	-9	-9	-9	-9	-9	-9
09-AS-08-3	Brinzales	132	141	244	216	264	356	93	101	97	175	142	159	224	239	110	306
09-AS-08-3	Brinzales	166	151	246	218	266	358	95	-9	109	186	-9	163	232	251	119	-9
09-AS-08-3	Brinzales	-9	155	248	220	282	-9	99	-9	-9	192	-9	167	-9	259	122	-9
09-AS-08-3	Brinzales	-9	-9	-9	-9	-9	-9	-9	-9	-9	196	-9	-9	-9	-9	-9	-9
09-AS-08-4	Brinzales	126	141	244	216	264	356	93	101	97	175	142	159	226	239	113	302
09-AS-08-4	Brinzales	128	146	248	218	268	358	99	-9	99	186	-9	163	230	251	119	304
09-AS-08-4	Brinzales	132	148	-9	-9	272	-9	-9	-9	-9	192	-9	167	232	-9	148	306
09-AS-08-4	Brinzales	166	-9	-9	-9	282	-9	-9	-9	-9	-9	-9	-9	234	-9	-9	308
09-AS-08-5	Brinzales	132	141	244	218	251	356	93	101	97	175	142	163	224	239	110	302
09-AS-08-5	Brinzales	166	151	246	-9	266	358	95	-9	99	181	-9	167	226	251	113	306
09-AS-08-5	Brinzales	-9	155	248	-9	282	-9	99	-9	109	186	-9	-9	232	255	119	-9
09-AS-08-5	Brinzales	-9	-9	-9	-9	-9	-9	-9	-9	-9	190	-9	-9	-9	259	-9	-9
09-AS-08-6	Brinzales	126	148	246	218	264	356	93	101	97	186	142	159	226	239	113	304
09-AS-08-6	Brinzales	132	155	248	-9	266	358	101	-9	99	190	-9	163	230	243	119	306
09-AS-08-6	Brinzales	-9	171	-9	-9	282	-9	109	-9	109	192	-9	-9	232	251	125	308
09-AS-08-6	Brinzales	-9	-9	-9	-9	-9	-9	113	-9	-9	-9	-9	-9	238	-9	-9	-9
09-AS-08-7	Brinzales	126	148	246	218	268	356	93	101	97	186	142	159	224	239	113	304
09-AS-08-7	Brinzales	132	155	248	-9	272	358	101	-9	99	-9	-9	163	226	243	119	306
09-AS-08-7	Brinzales	-9	171	-9	-9	-9	-9	109	-9	109	-9	-9	167	232	251	125	-9
09-AS-08-7	Brinzales	-9	-9	-9	-9	-9	-9	113	-9	-9	-9	-9	-9	238	-9	-9	-9
09-AS-08-8	Brinzales	128	148	244	216	251	358	93	101	97	181	142	159	224	239	110	302
09-AS-08-8	Brinzales	132	151	246	218	266	-9	99	-9	109	186	-9	163	226	251	113	306
09-AS-08-8	Brinzales	-9	155	248	220	268	-9	109	-9	-9	-9	-9	167	238	255	119	320
09-AS-08-8	Brinzales	-9	-9	-9	-9	282	-9	-9	-9	-9	-9	-9	-9	-9	259	122	-9
09-AS-08-9	Brinzales	132	141	246	218	251	356	93	101	97	181	142	159	224	239	113	302
09-AS-08-9	Brinzales	166	148	248	220	262	358	99	-9	99	186	-9	163	226	255	119	306
09-AS-08-9	Brinzales	-9	151	250	-9	268	-9	-9	-9	109	-9	-9	167	232	259	-9	308
09-AS-08-9	Brinzales	-9	-9	-9	-9	-9	-9	-9	-9	-9	-9	-9	-9	-9	-9	-9	320
09-AS-08-10	Brinzales	126	148	246	216	268	356	99	101	97	186	142	159	224	239	113	302
09-AS-08-10	Brinzales	128	155	248	218	272	358	109	-9	99	190	-9	163	226	243	119	304
09-AS-08-10	Brinzales	132	171	-9	-9	282	-9	-9	-9	109	-9	-9	-9	230	251	122	306
09-AS-08-10	Brinzales	166	-9	-9	-9	-9	-9	-9	-9	-9	-9	-9	-9	238	-9	-9	-9
09-AS-08-11	Brinzales	126	148	246	216	268	356	99	101	97	186	142	159	224	239	113	302
09-AS-08-11	Brinzales	128	155	248	218	272	358	109	-9	99	190	-9	163	226	243	119	304
09-AS-08-11	Brinzales	132	171	-9	-9	282	-9	113	-9	109	-9	-9	167	232	251	122	308
09-AS-08-11	Brinzales	166	-9	-9	-9	-9	-9	-9	-9	-9	-9	-9	-9	-9	-9	125	318
09-AS-08-12	Brinzales	126	141	246	218	264	356	99	101	99	186	142	159	226	239	113	306
09-AS-08-12	Brinzales	132	146	248	-9	266	-9	109	-9	109	190	-9	163	230	243	119	308
09-AS-08-12	Brinzales	-9	155	-9	-9	268	-9	-9	-9	-9	-9	-9	-9	238	251	122	-9
09-AS-08-12	Brinzales	-9	171	-9	-9	-9	-9	-9	-9	-9	-9	-9	-9	-9	-9	125	-9
09-AS-08-13	Brinzales	126	141	246	216	264	356	93	101	97	186	142	159	226	239	113	304
09-AS-08-13	Brinzales	132	146	248	218	268	358	99	-9	99	190	-9	163	230	251	119	306
09-AS-08-13	Brinzales	-9	155	-9	-9	272	-9	101	-9	109	-9	-9	167	232	-9	125	-9
09-AS-08-13	Brinzales	-9	-9	-9	-9	-9	-9	109	-9	-9	-9	-9	-9	238	-9	-9	-9
09-AS-08-14	Brinzales	126	146	246	216	264	356	99	101	97	186	142	159	224	243	119	306
09-AS-08-14	Brinzales	128	155	248	218	268	358	101	-9	99	-9	-9	163	226	251	125	318
09-AS-08-14	Brinzales	132	171	-9	-9	282	-9	109	-9	109	-9	-9	167	232	-9	-9	-9
09-AS-08-14	Brinzales	166	-9	-9	-9	-9	-9	-9	-9	-9	-9	-9	-9	238	-9	-9	-9
09-AS-08-15	Brinzales	126	148	248	216	264	356	93	101	97	186	142	159	226	239	119	302
09-AS-08-15	Brinzales	128	155	-9	218	272	358	101	-9	99	-9	-9	167	230	251	122	304
09-AS-08-15	Brinzales	132	-9	-9	-9	282	-9	109	-9	109	-9	-9	-9	238	-9	125	308
09-AS-08-15	Brinzales	166	-9	-9	-9	-9	-9	113	-9	-9	-9	-9	-9	-9	-9	-9	318
09-AS-08-16	Brinzales	126	148	246	218	268	356	93	101	97	181	142	159	224	239	113	306
09-AS-08-16	Brinzales	132	155	248	-9	272	-9	99	-9	99	186	-9	165	226	243	119	308
09-AS-08-16	Brinzales	166	171	-9	-9	-9	-9	109	-9	109	190	-9	-9	232	251	122	318
09-AS-08-16	Brinzales	-9	-9	-9	-9	-9	-9	113	-9	-9	-9	-9	-9	-9	-9	-9	-9
09-AS-08-17	Brinzales	126	141	246	218	268	356	93	101	99	186	142	159	226	239	113	306
09-AS-08-17	Brinzales	128	155	248	-9	272	-9	99	-9	109	-9	-9	163	230	243	119	308
09-AS-08-17	Brinzales	132	171	-9	-9	-9	-9	101	-9	-9	-9	-9	167	232	251	125	318
09-AS-08-17	Brinzales	166	-9	-9	-9	-9	-9	109	-9	-9	-9	-9	-9	238	-9	-9	-9
09-AS-08-18	Brinzales	128	141	244	216	251	356	93	101	97	181	142	159	224	239	110	302
09-AS-08-18	Brinzales	132	148	246	218	266	358	99	-9	109	186	-9	163	226	245	119	306
09-AS-08-18	Brinzales	166	151	248	-9	268	-9	109	-9	-9	-9	-9	-9	232	251	-9	308
09-AS-08-18	Brinzales	-9	155	-9	-9	282	-9	-9	-9	-9	-9	-9	-9	238	259	-9	-9
09-AS-10-1	Brinzales	132	148	242	216	255	356	93	101	97	186	142	159	218	239	113	306
09-AS-10-1	Brinzales	146	155	246	218	262	-9	101	-9	99	194	-9	165	226	251	122	318
09-AS-10-1	Brinzales	166	-9	248	-9	268	-9	111	-9	-9	198	-9	177	-9	255	-9	-9
09-AS-10-1	Brinzales	-9	-9	-9	-9	-9	-9	113	-9	-9	-9	-9	-9	-9	-9	-9	-9
09-AS-10-2	Brinzales	126	141	242	218	262	356	93	101	97	183	142	159	218	239	119	302
09-AS-10-2	Brinzales	128	148	244	222	268	-9	111	-9	103	192	-9	161	226	243	122	306
09-AS-10-2	Brinzales	132	155	246	-9	-9	-9	113	-9	-9	196	-9	-9	238	251	-9	-9
09-AS-10-2	Brinzales	166	-9	248	-9	-9	-9	-9	-9	-9	-9	-9	-9	-9	255	-9	-9
09-AS-10-3	Brinzales	126	148	246	216	253	356	93	101	97	183	142	159	226	239	113	302
09-AS-10-3	Brinzales	132	155	248	218	255	358	99	116	-9	186	-9	161	230	255	119	306
09-AS-10-3	Brinzales	-9	-9	-9	-9	268	-9	101	-9	-9	194	-9	165	234	-9	133	318
09-AS-10-3	Brinzales	-9	-9	-9	-9	272	-9	111	-9	-9	-9	-9	167	-9	-9	-9	-9
09-AS-10-4	Brinzales	132	148	244	218	251	356	101	101	97	183	142	165	226	239	119	302
09-AS-10-4	Brinzales	135	155	246	-9	255	358	103	-9	99	194	-9	167	234	249	-9	304
09-AS-10-4	Brinzales	-9	-9	-9	-9	268	-9	113	-9	-9	198	-9	171	-9	251	-9	318
09-AS-10-4	Brinzales	-9	-9	-9	-9	-9	-9	-9	-9	-9	-9	-9	-9	-9	-9	-9	-9
09-AS-10-5	Brinzales	126	141	244	218	262	356	93	101	97	181	142	159	224	239	113	302
09-AS-10-5	Brinzales	128	146	246	-9	264	-9	99	-9	99	186	-9	165	226	243	119	318
09-AS-10-5	Brinzales	132	148	-9	-9	266	-9	111	-9	109	194	-9	167	238	245	-9	-9
09-AS-10-5	Brinzales	-9	171	-9	-9	268	-9	-9	-9	-9	196	-9	-9	-9	-9	-9	-9
09-AS-10-6	Brinzales	132	148	244	216	262	356	93	101	97	183	142	159	226	239	113	302
09-AS-10-6	Brinzales	-9	151	246	218	264	-9	99	116	99	192	-9	165	-9	251	119	306
09-AS-10-6	Brinzales	-9	155	248	-9	266	-9	111	-9	-9	194	-9	167	-9	-9	122	308
09-AS-10-6	Brinzales	-9	-9	-9	-9	268	-9	113	-9	-9	200	-9	-9	-9	-9	-9	-9
09-AS-10-7	Brinzales	126	141	244	218	255	356	99	101	97	177	142	159	210	239	108	306
09-AS-10-7	Brinzales	132	146	246	-9	268	-9	113	-9	99	183	-9	165	224	243	119	308
09-AS-10-7	Brinzales	-9	148	248	-9	272	-9	-9	-9	-9	186	-9	167	226	251	-9	318
09-AS-10-7	Brinzales	-9	155	258	-9	-9	-9	-9	-9	-9	198	-9	-9	-9	-9	-9	-9
09-AS-10-8	Brinzales	132	141	244	218	266	356	93	101	97	181	142	155	226	239	119	306
09-AS-10-8	Brinzales	-9	-9	246	-9	268	-9	105	103	99	190	-9	159	232	243	122	316
09-AS-10-8	Brinzales	-9	-9	248	-9	-9	-9	-9	-9	-9	194	-9	161	-9	249	125	318
09-AS-10-8	Brinzales	-9	-9	-9	-9	-9	-9	-9	-9	-9	202	-9	-9	-9	255	-9	-9
09-AS-10-9	Brinzales	126	148	246	216	251	356	93	101	97	183	142	159	224	239	113	306
09-AS-10-9	Brinzales	132	155	248	218	262	358	101	-9	99	186	-9	161	226	243	119	308
09-AS-10-9	Brinzales	164	171	-9	-9	268	-9	111	-9	101	194	-9	165	234	251	122	-9
09-AS-10-9	Brinzales	-9	-9	-9	-9	272	-9	-9	-9	-9	-9	-9	167	-9	-9	133	-9
09-AS-10-10	Brinzales	132	148	246	216	255	356	93	101	97	186	142	159	226	239	113	302
09-AS-10-10	Brinzales	-9	155	248	218	262	358	111	-9	-9	194	-9	163	230	251	119	306
09-AS-10-10	Brinzales	-9	-9	-9	-9	272	-9	113	-9	-9	-9	-9	165	234	255	148	318
09-AS-10-10	Brinzales	-9	-9	-9	-9	-9	-9	-9	-9	-9	-9	-9	-9	-9	-9	-9	-9
09-AS-10-11	Brinzales	126	148	244	218	262	356	101	101	97	183	142	159	224	243	108	302
09-AS-10-11	Brinzales	132	155	246	-9	268	-9	103	-9	99	194	-9	163	226	247	119	304
09-AS-10-11	Brinzales	135	171	248	-9	-9	-9	113	-9	-9	198	-9	165	238	251	122	308
09-AS-10-11	Brinzales	-9	-9	-9	-9	-9	-9	-9	-9	-9	-9	-9	-9	-9	-9	-9	-9
09-AS-10-12	Brinzales	126	141	246	216	262	356	93	101	97	181	142	161	224	239	113	302
09-AS-10-12	Brinzales	132	148	248	218	268	-9	99	-9	99	183	146	167	226	243	119	304
09-AS-10-12	Brinzales	-9	155	-9	-9	272	-9	101	-9	-9	186	-9	-9	-9	251	-9	308
09-AS-10-12	Brinzales	-9	-9	-9	-9	-9	-9	-9	-9	-9	192	-9	-9	-9	-9	-9	-9
09-AS-10-13	Brinzales	132	141	246	216	262	356	93	101	97	186	142	159	226	239	119	306
09-AS-10-13	Brinzales	-9	148	248	218	266	358	99	-9	99	192	-9	-9	230	243	125	308
09-AS-10-13	Brinzales	-9	155	-9	-9	268	-9	111	-9	-9	194	-9	-9	234	249	133	318
09-AS-10-13	Brinzales	-9	171	-9	-9	-9	-9	-9	-9	-9	-9	-9	-9	238	-9	-9	-9
09-AS-10-14	Brinzales	126	148	246	216	251	356	101	101	97	183	142	159	224	239	113	306
09-AS-10-14	Brinzales	132	155	248	218	268	358	111	116	99	192	-9	161	226	243	119	318
09-AS-10-14	Brinzales	164	171	250	-9	272	-9	-9	-9	-9	194	-9	167	234	255	133	-9
09-AS-10-14	Brinzales	-9	-9	-9	-9	-9	-9	-9	-9	-9	-9	-9	-9	-9	-9	148	-9
09-AS-10-15	Brinzales	126	141	246	218	262	356	93	101	97	177	142	159	226	239	113	302
09-AS-10-15	Brinzales	130	148	254	-9	264	-9	109	-9	99	181	-9	163	232	243	119	306
09-AS-10-15	Brinzales	132	171	256	-9	268	-9	111	-9	103	183	-9	167	238	-9	122	318
09-AS-10-15	Brinzales	166	-9	-9	-9	272	-9	113	-9	105	192	-9	171	-9	-9	-9	-9
09-AS-10-16	Brinzales	126	148	246	218	255	356	101	101	97	173	142	159	226	239	108	304
09-AS-10-16	Brinzales	132	155	248	-9	262	358	103	-9	101	186	-9	165	238	251	119	306
09-AS-10-16	Brinzales	135	-9	-9	-9	270	-9	111	-9	-9	192	-9	167	240	255	-9	308
09-AS-10-16	Brinzales	-9	-9	-9	-9	-9	-9	-9	-9	-9	-9	-9	-9	-9	-9	-9	-9
09-AS-10-17	Brinzales	126	148	242	218	257	356	101	101	97	179	142	155	224	239	113	302
09-AS-10-17	Brinzales	132	171	246	222	262	360	103	-9	99	192	-9	159	226	243	119	304
09-AS-10-17	Brinzales	144	-9	-9	-9	268	-9	111	-9	-9	194	-9	167	-9	247	-9	308
09-AS-10-17	Brinzales	-9	-9	-9	-9	-9	-9	-9	-9	-9	-9	-9	-9	-9	-9	-9	-9
09-AS-10-18	Brinzales	126	141	244	216	262	356	93	101	97	183	142	161	224	239	113	302
09-AS-10-18	Brinzales	132	148	246	218	268	-9	99	103	99	192	-9	165	226	245	119	308
09-AS-10-18	Brinzales	135	155	-9	-9	-9	-9	101	-9	101	202	-9	167	234	253	122	318
09-AS-10-18	Brinzales	-9	-9	-9	-9	-9	-9	-9	-9	-9	-9	-9	-9	-9	-9	-9	-9
09-AS-11-1	Brinzales	132	141	244	216	262	356	93	101	97	192	142	161	224	239	119	302
09-AS-11-1	Brinzales	135	155	246	218	266	-9	99	-9	99	194	-9	165	230	245	122	306
09-AS-11-1	Brinzales	-9	-9	256	-9	268	-9	-9	-9	109	200	-9	179	232	247	133	-9
09-AS-11-1	Brinzales	-9	-9	-9	-9	272	-9	-9	-9	-9	202	-9	-9	234	255	-9	-9
09-AS-11-2	Brinzales	132	141	242	216	268	356	93	101	97	184	142	165	224	239	119	302
09-AS-11-2	Brinzales	134	155	246	218	272	-9	105	103	99	194	-9	177	232	245	133	306
09-AS-11-2	Brinzales	135	-9	248	-9	282	-9	-9	-9	105	202	-9	179	234	247	136	-9
09-AS-11-2	Brinzales	-9	-9	256	-9	-9	-9	-9	-9	-9	-9	-9	-9	-9	255	-9	-9
09-AS-11-3	Brinzales	132	141	244	216	253	356	93	101	97	186	142	159	224	239	119	302
09-AS-11-3	Brinzales	135	155	246	218	262	358	99	103	99	194	-9	161	226	247	133	306
09-AS-11-3	Brinzales	-9	-9	248	-9	272	-9	111	-9	-9	202	-9	177	234	255	148	-9
09-AS-11-3	Brinzales	-9	-9	256	-9	-9	-9	-9	-9	-9	-9	-9	-9	-9	-9	-9	-9
09-AS-11-4	Brinzales	132	141	242	216	262	356	93	101	99	184	142	159	224	239	119	302
09-AS-11-4	Brinzales	134	155	244	218	266	358	105	103	101	192	-9	161	232	253	136	-9
09-AS-11-4	Brinzales	-9	-9	246	-9	268	-9	-9	-9	105	194	-9	165	-9	255	-9	-9
09-AS-11-4	Brinzales	-9	-9	-9	-9	282	-9	-9	-9	109	200	-9	177	-9	-9	-9	-9
09-AS-11-5	Brinzales	132	141	242	216	262	356	93	101	99	192	142	159	224	239	119	302
09-AS-11-5	Brinzales	135	146	244	218	266	358	99	-9	101	200	-9	161	232	245	122	306
09-AS-11-5	Brinzales	-9	155	256	-9	272	-9	-9	-9	107	202	-9	165	234	251	133	-9
09-AS-11-5	Brinzales	-9	-9	-9	-9	282	-9	-9	-9	109	-9	-9	179	-9	253	136	-9
09-AS-11-6	Brinzales	128	141	244	216	257	356	93	101	99	186	142	159	224	247	119	302
09-AS-11-6	Brinzales	132	-9	246	218	262	358	99	103	103	192	-9	161	230	255	-9	304
09-AS-11-6	Brinzales	135	-9	-9	-9	268	-9	103	-9	-9	194	-9	165	234	-9	-9	-9
09-AS-11-6	Brinzales	-9	-9	-9	-9	-9	-9	-9	-9	-9	-9	-9	-9	-9	-9	-9	-9
09-AS-11-7	Brinzales	132	141	244	216	262	356	93	101	99	181	142	161	224	249	110	302
09-AS-11-7	Brinzales	135	159	246	218	268	358	99	-9	101	186	-9	177	230	253	119	306
09-AS-11-7	Brinzales	-9	-9	250	-9	-9	-9	103	-9	-9	192	-9	-9	-9	255	133	-9
09-AS-11-7	Brinzales	-9	-9	-9	-9	-9	-9	-9	-9	-9	-9	-9	-9	-9	-9	-9	-9
09-AS-11-8	Brinzales	132	141	242	218	266	356	93	101	97	186	142	159	224	239	119	302
09-AS-11-8	Brinzales	134	-9	244	-9	268	-9	99	103	99	192	-9	161	230	247	122	308
09-AS-11-8	Brinzales	-9	-9	246	-9	272	-9	-9	-9	101	194	-9	165	232	253	133	-9
09-AS-11-8	Brinzales	-9	-9	256	-9	282	-9	-9	-9	105	200	-9	179	234	-9	-9	-9
09-AS-11-9	Brinzales	132	141	244	216	262	356	93	101	97	184	142	161	224	247	119	302
09-AS-11-9	Brinzales	134	-9	248	218	272	358	99	-9	99	194	-9	177	232	251	-9	306
09-AS-11-9	Brinzales	-9	-9	256	-9	-9	-9	105	-9	101	200	-9	179	-9	253	-9	-9
09-AS-11-9	Brinzales	-9	-9	-9	-9	-9	-9	-9	-9	107	202	-9	-9	-9	255	-9	-9
09-AS-11-10	Brinzales	128	141	246	218	268	356	93	101	97	188	142	161	224	243	119	302
09-AS-11-10	Brinzales	132	144	250	-9	270	-9	99	103	99	192	-9	163	230	245	122	304
09-AS-11-10	Brinzales	-9	155	258	-9	272	-9	111	-9	109	194	-9	165	234	247	-9	306
09-AS-11-10	Brinzales	-9	-9	-9	-9	-9	-9	-9	-9	-9	202	-9	169	-9	265	-9	-9
09-AS-11-11	Brinzales	132	141	242	216	268	356	93	101	99	186	142	159	224	239	119	302
09-AS-11-11	Brinzales	135	146	246	218	272	358	99	103	101	192	-9	161	230	251	-9	306
09-AS-11-11	Brinzales	-9	155	248	-9	282	-9	105	-9	107	200	-9	165	232	253	-9	308
09-AS-11-11	Brinzales	-9	-9	256	-9	-9	-9	-9	-9	109	-9	-9	177	-9	255	-9	-9
09-AS-11-12	Brinzales	132	141	244	216	262	356	93	101	97	192	142	161	224	239	119	302
09-AS-11-12	Brinzales	-9	144	248	218	272	-9	99	-9	99	194	-9	163	228	253	122	306
09-AS-11-12	Brinzales	-9	155	250	-9	-9	-9	-9	-9	101	202	-9	-9	-9	255	125	-9
09-AS-11-12	Brinzales	-9	-9	256	-9	-9	-9	-9	-9	107	-9	-9	-9	-9	265	133	-9
09-AS-11-13	Brinzales	132	141	244	216	251	356	93	101	99	181	142	161	224	245	108	302
09-AS-11-13	Brinzales	135	155	250	218	262	358	99	103	-9	186	-9	177	-9	247	119	304
09-AS-11-13	Brinzales	-9	159	256	-9	272	-9	103	-9	-9	202	-9	-9	-9	249	133	-9
09-AS-11-13	Brinzales	-9	-9	-9	-9	-9	-9	-9	-9	-9	-9	-9	-9	-9	-9	-9	-9
09-AS-11-14	Brinzales	132	141	244	216	262	356	93	101	99	181	142	161	224	253	110	302
09-AS-11-14	Brinzales	135	151	246	218	268	358	99	-9	101	192	-9	165	230	255	119	304
09-AS-11-14	Brinzales	-9	-9	250	-9	-9	-9	103	-9	-9	202	-9	177	-9	-9	-9	-9
09-AS-11-14	Brinzales	-9	-9	-9	-9	-9	-9	-9	-9	-9	-9	-9	-9	-9	-9	-9	-9
09-AS-11-15	Brinzales	132	141	244	216	262	356	93	101	99	181	142	159	224	245	110	302
09-AS-11-15	Brinzales	134	155	250	218	268	358	99	-9	-9	186	-9	161	230	249	119	306
09-AS-11-15	Brinzales	-9	159	256	-9	272	-9	-9	-9	-9	202	-9	-9	-9	255	133	-9
09-AS-11-15	Brinzales	-9	-9	-9	-9	-9	-9	-9	-9	-9	-9	-9	-9	-9	-9	-9	-9
09-AS-11-16	Brinzales	126	141	244	216	251	356	93	101	97	194	142	159	224	239	110	302
09-AS-11-16	Brinzales	132	155	246	218	268	358	99	-9	99	196	-9	161	226	245	119	304
09-AS-11-16	Brinzales	-9	-9	250	220	272	-9	-9	-9	101	198	-9	165	234	249	133	-9
09-AS-11-16	Brinzales	-9	-9	-9	-9	-9	-9	-9	-9	103	202	-9	171	-9	253	-9	-9
09-AS-11-17	Brinzales	132	141	242	216	268	356	93	101	97	184	142	159	224	239	119	302
09-AS-11-17	Brinzales	134	155	246	218	272	358	105	103	99	192	-9	161	232	247	122	306
09-AS-11-17	Brinzales	-9	-9	248	-9	282	-9	-9	-9	101	194	-9	177	234	253	133	-9
09-AS-11-17	Brinzales	-9	-9	256	-9	-9	-9	-9	-9	109	202	-9	179	-9	255	-9	-9
09-AS-11-18	Brinzales	132	141	242	216	262	356	93	101	97	184	142	159	224	239	119	302
09-AS-11-18	Brinzales	134	155	244	218	272	358	99	103	99	192	-9	165	230	247	122	306
09-AS-11-18	Brinzales	135	-9	256	-9	282	-9	-9	-9	109	194	-9	177	234	255	-9	-9
09-AS-11-18	Brinzales	-9	-9	-9	-9	-9	-9	-9	-9	-9	-9	-9	-9	-9	-9	-9	-9
09-AS-01-1	Brinzales	132	146	246	216	264	358	93	101	99	179	142	159	228	243	119	302
09-AS-01-1	Brinzales	134	148	250	218	268	360	99	103	107	196	-9	161	230	247	122	304
09-AS-01-1	Brinzales	-9	155	-9	220	272	-9	-9	116	113	-9	-9	-9	232	255	136	-9
09-AS-01-1	Brinzales	-9	-9	-9	-9	-9	-9	-9	-9	-9	-9	-9	-9	-9	-9	-9	-9
09-AS-01-2	Brinzales	134	148	242	218	251	356	93	101	99	186	142	155	228	249	119	304
09-AS-01-2	Brinzales	135	159	254	-9	264	360	103	-9	-9	196	-9	161	236	255	-9	-9
09-AS-01-2	Brinzales	-9	-9	-9	-9	-9	-9	-9	-9	-9	-9	-9	-9	-9	-9	-9	-9
09-AS-01-2	Brinzales	-9	-9	-9	-9	-9	-9	-9	-9	-9	-9	-9	-9	-9	-9	-9	-9
09-AS-01-3	Brinzales	132	141	246	216	251	356	93	101	99	196	142	161	224	249	119	302
09-AS-01-3	Brinzales	146	155	248	218	262	358	101	-9	107	198	-9	163	228	251	122	304
09-AS-01-3	Brinzales	-9	159	254	-9	268	-9	-9	-9	-9	-9	-9	175	230	255	136	-9
09-AS-01-3	Brinzales	-9	-9	-9	-9	-9	-9	-9	-9	-9	-9	-9	-9	-9	-9	-9	-9
09-AS-01-4	Brinzales	135	153	244	216	251	358	93	101	99	200	142	161	226	255	119	304
09-AS-01-4	Brinzales	146	159	254	218	268	360	99	-9	-9	202	-9	163	228	-9	136	-9
09-AS-01-4	Brinzales	-9	-9	-9	-9	-9	-9	-9	-9	-9	-9	-9	-9	-9	-9	-9	-9
09-AS-01-4	Brinzales	-9	-9	-9	-9	-9	-9	-9	-9	-9	-9	-9	-9	-9	-9	-9	-9
09-AS-01-5	Brinzales	134	159	248	216	251	356	93	101	99	194	142	161	224	249	119	304
09-AS-01-5	Brinzales	135	-9	254	218	-9	-9	103	-9	107	196	-9	-9	228	255	-9	-9
09-AS-01-5	Brinzales	-9	-9	-9	-9	-9	-9	-9	-9	-9	-9	-9	-9	-9	-9	-9	-9
09-AS-01-5	Brinzales	-9	-9	-9	-9	-9	-9	-9	-9	-9	-9	-9	-9	-9	-9	-9	-9
09-AS-01-7	Brinzales	132	141	250	216	251	356	93	101	97	196	142	161	224	239	119	302
09-AS-01-7	Brinzales	146	148	254	218	272	360	99	-9	99	198	-9	163	228	255	122	304
09-AS-01-7	Brinzales	-9	155	256	-9	-9	-9	109	-9	107	202	-9	171	230	-9	136	306
09-AS-01-7	Brinzales	-9	-9	-9	-9	-9	-9	-9	-9	-9	-9	-9	-9	-9	-9	-9	-9
09-AS-01-8	Brinzales	126	141	246	218	251	356	93	101	99	179	142	159	224	243	119	304
09-AS-01-8	Brinzales	146	159	248	220	255	358	99	103	103	196	-9	161	228	249	136	306
09-AS-01-8	Brinzales	166	-9	254	-9	262	360	-9	-9	113	-9	-9	167	230	-9	145	-9
09-AS-01-8	Brinzales	-9	-9	-9	-9	-9	-9	-9	-9	-9	-9	-9	-9	-9	-9	-9	-9
09-AS-01-9	Brinzales	135	148	250	218	251	356	93	101	107	179	142	155	226	255	119	304
09-AS-01-9	Brinzales	146	159	254	-9	264	360	103	-9	-9	202	-9	161	228	-9	136	-9
09-AS-01-9	Brinzales	-9	-9	-9	-9	-9	-9	-9	-9	-9	-9	-9	-9	-9	-9	-9	-9
09-AS-01-9	Brinzales	-9	-9	-9	-9	-9	-9	-9	-9	-9	-9	-9	-9	-9	-9	-9	-9
09-AS-01-10	Brinzales	132	141	246	216	264	356	93	101	97	196	142	161	228	249	119	302
09-AS-01-10	Brinzales	146	159	250	218	268	358	101	-9	99	198	-9	163	230	255	122	304
09-AS-01-10	Brinzales	168	-9	-9	-9	-9	-9	-9	-9	-9	202	-9	175	-9	-9	136	306
09-AS-01-10	Brinzales	-9	-9	-9	-9	-9	-9	-9	-9	-9	-9	-9	-9	-9	-9	-9	-9
09-AS-01-11	Brinzales	132	141	248	216	262	356	93	101	99	179	142	161	224	243	119	304
09-AS-01-11	Brinzales	146	148	254	218	268	358	99	103	107	196	-9	167	228	251	125	306
09-AS-01-11	Brinzales	166	-9	-9	220	-9	-9	-9	-9	113	-9	-9	-9	-9	255	-9	-9
09-AS-01-11	Brinzales	-9	-9	-9	-9	-9	-9	-9	-9	-9	-9	-9	-9	-9	-9	-9	-9
09-AS-01-12	Brinzales	144	159	244	218	266	358	93	101	99	196	142	155	224	249	119	304
09-AS-01-12	Brinzales	146	-9	250	222	268	360	103	-9	107	-9	-9	161	228	-9	136	-9
09-AS-01-12	Brinzales	-9	-9	-9	-9	-9	-9	-9	-9	-9	-9	-9	-9	-9	-9	-9	-9
09-AS-01-12	Brinzales	-9	-9	-9	-9	-9	-9	-9	-9	-9	-9	-9	-9	-9	-9	-9	-9
09-AS-01-13	Brinzales	128	148	250	218	251	356	93	101	101	196	142	159	220	251	108	304
09-AS-01-13	Brinzales	146	153	252	-9	268	360	103	-9	107	202	-9	161	228	255	119	-9
09-AS-01-13	Brinzales	-9	-9	-9	-9	-9	-9	-9	-9	-9	-9	-9	-9	-9	-9	-9	-9
09-AS-01-13	Brinzales	-9	-9	-9	-9	-9	-9	-9	-9	-9	-9	-9	-9	-9	-9	-9	-9
09-AS-01-14	Brinzales	142	153	244	216	268	356	93	101	99	196	142	161	228	249	108	304
09-AS-01-14	Brinzales	146	159	250	218	-9	-9	103	-9	-9	202	-9	163	238	251	119	306
09-AS-01-14	Brinzales	-9	-9	-9	-9	-9	-9	-9	-9	-9	-9	-9	-9	-9	-9	-9	-9
09-AS-01-14	Brinzales	-9	-9	-9	-9	-9	-9	-9	-9	-9	-9	-9	-9	-9	-9	-9	-9
09-AS-01-15	Brinzales	134	148	244	218	251	356	93	101	107	184	142	161	224	255	125	304
09-AS-01-15	Brinzales	135	-9	250	-9	266	360	-9	103	-9	202	-9	-9	228	-9	136	-9
09-AS-01-15	Brinzales	-9	-9	-9	-9	-9	-9	-9	-9	-9	-9	-9	-9	-9	-9	-9	-9
09-AS-01-15	Brinzales	-9	-9	-9	-9	-9	-9	-9	-9	-9	-9	-9	-9	-9	-9	-9	-9
09-AS-01-16	Brinzales	134	159	244	216	251	356	93	101	99	186	142	161	228	249	119	304
09-AS-01-16	Brinzales	135	-9	254	218	255	-9	-9	-9	107	196	-9	167	-9	-9	-9	-9
09-AS-01-16	Brinzales	-9	-9	-9	-9	-9	-9	-9	-9	-9	-9	-9	-9	-9	-9	-9	-9
09-AS-01-16	Brinzales	-9	-9	-9	-9	-9	-9	-9	-9	-9	-9	-9	-9	-9	-9	-9	-9
09-AS-01-17	Brinzales	132	141	244	216	251	356	93	99	99	184	142	159	224	239	119	304
09-AS-01-17	Brinzales	146	148	254	218	268	358	-9	101	101	194	-9	161	226	247	145	308
09-AS-01-17	Brinzales	-9	155	-9	-9	272	-9	-9	-9	107	196	-9	-9	228	255	148	318
09-AS-01-17	Brinzales	-9	-9	-9	-9	-9	-9	-9	-9	-9	-9	-9	-9	-9	-9	-9	-9
09-AS-01-18	Brinzales	128	141	248	218	268	358	93	99	97	184	142	159	222	239	119	302
09-AS-01-18	Brinzales	132	159	250	-9	272	360	-9	101	99	196	-9	161	224	243	133	304
09-AS-01-18	Brinzales	146	-9	-9	-9	274	-9	-9	103	103	204	-9	-9	228	249	-9	308
09-AS-01-18	Brinzales	-9	-9	-9	-9	-9	-9	-9	-9	-9	-9	-9	-9	-9	-9	-9	-9
